10 5
10 6
10 5
10 5
10 7
10 6
10 4
10 7
10 6
10 6
20 12
20 12
20 11
20 8
20 11
20 7
20 8
20 11
20 13
20 12
30 10
30 9
30 9
30 10
30 9
30 8
30 8
30 10
30 10
30 12
40 11
40 14
40 10
40 15
40 10
40 14
40 10
40 13
40 11
40 10
50 16
50 17
50 14
50 13
50 17
50 14
50 15
50 19
50 16
50 16
60 15
60 22
60 22
60 20
60 23
60 23
60 24
60 21
60 18
60 22
70 16
70 17
70 15
70 14
70 12
70 13
70 13
70 11
70 16
70 15
80 26
80 18
80 23
80 23
80 26
80 21
80 24
80 25
80 19
80 25
90 19
90 20
90 20
90 22
90 20
90 21
90 24
90 19
90 22
90 18
100 23
100 24
100 27
100 22
100 21
100 26
100 26
100 25
100 22
100 24
110 23
110 19
110 20
110 16
110 18
110 24
110 23
110 20
110 17
110 21
120 22
120 21
120 22
120 23
120 20
120 19
120 22
120 22
120 24
120 20
130 30
130 31
130 28
130 30
130 30
130 30
130 27
130 35
130 32
130 29
140 23
140 24
140 24
140 23
140 18
140 25
140 21
140 22
140 18
140 24
150 33
150 36
150 24
150 33
150 27
150 38
150 38
150 25
150 24
150 28
160 31
160 23
160 21
160 34
160 30
160 28
160 23
160 26
160 30
160 30
170 21
170 29
170 20
170 22
170 23
170 23
170 22
170 25
170 24
170 22
180 28
180 26
180 27
180 33
180 24
180 33
180 26
180 24
180 30
180 30
190 40
190 46
190 39
190 35
190 42
190 51
190 52
190 38
190 37
190 51
200 38
200 31
200 33
200 37
200 30
200 42
200 34
200 34
200 35
200 37
210 42
210 31
210 28
210 35
210 31
210 32
210 43
210 37
210 39
210 41
220 26
220 33
220 25
220 37
220 26
220 27
220 30
220 26
220 32
220 35
230 34
230 34
230 32
230 41
230 35
230 28
230 47
230 34
230 34
230 36
240 45
240 41
240 40
240 33
240 29
240 31
240 32
240 35
240 38
240 34
250 43
250 33
250 43
250 48
250 41
250 38
250 38
250 48
250 34
250 38
260 47
260 38
260 50
260 43
260 51
260 59
260 59
260 68
260 59
260 49
270 48
270 37
270 52
270 32
270 44
270 36
270 36
270 41
270 49
270 49
280 42
280 44
280 44
280 35
280 41
280 38
280 46
280 35
280 31
280 50
290 37
290 30
290 32
290 34
290 39
290 42
290 40
290 45
290 43
290 44
300 50
300 40
300 40
300 37
300 56
300 42
300 49
300 33
300 43
300 45
310 33
310 38
310 36
310 35
310 39
310 42
310 36
310 38
310 40
310 27
320 42
320 31
320 40
320 37
320 38
320 31
320 37
320 39
320 41
320 45
330 52
330 55
330 39
330 52
330 49
330 55
330 55
330 52
330 54
330 35
340 35
340 31
340 32
340 29
340 31
340 45
340 28
340 36
340 47
340 35
350 50
350 52
350 36
350 40
350 46
350 45
350 51
350 52
350 60
350 42
360 37
360 52
360 34
360 54
360 53
360 45
360 40
360 54
360 37
360 52
370 49
370 54
370 51
370 34
370 48
370 43
370 39
370 52
370 45
370 39
380 37
380 40
380 39
380 40
380 40
380 33
380 45
380 40
380 41
380 39
390 35
390 42
390 35
390 35
390 40
390 49
390 30
390 36
390 35
390 27
400 60
400 50
400 36
400 61
400 53
400 62
400 60
400 57
400 51
400 51
410 57
410 56
410 48
410 47
410 49
410 36
410 47
410 40
410 41
410 47
420 27
420 37
420 26
420 35
420 41
420 35
420 31
420 31
420 38
420 40
430 48
430 46
430 59
430 53
430 50
430 57
430 65
430 47
430 59
430 48
440 48
440 41
440 43
440 37
440 48
440 41
440 44
440 49
440 35
440 43
450 60
450 51
450 52
450 55
450 54
450 57
450 47
450 40
450 52
450 58
460 79
460 51
460 52
460 73
460 77
460 51
460 51
460 61
460 72
460 76
470 55
470 42
470 49
470 62
470 62
470 52
470 55
470 52
470 45
470 52
480 55
480 55
480 58
480 48
480 37
480 40
480 42
480 34
480 54
480 56
490 42
490 43
490 37
490 46
490 38
490 41
490 54
490 43
490 35
490 42
500 51
500 52
500 44
500 47
500 47
500 51
500 46
500 40
500 37
500 49
510 51
510 45
510 53
510 48
510 51
510 48
510 55
510 34
510 56
510 48
520 51
520 43
520 40
520 44
520 52
520 48
520 37
520 52
520 45
520 57
530 37
530 41
530 43
530 47
530 49
530 36
530 48
530 35
530 36
530 48
540 42
540 41
540 36
540 42
540 57
540 39
540 48
540 41
540 53
540 57
550 45
550 44
550 36
550 44
550 32
550 50
550 46
550 48
550 39
550 43
560 33
560 39
560 50
560 43
560 36
560 40
560 38
560 43
560 40
560 41
570 66
570 66
570 74
570 53
570 71
570 53
570 80
570 80
570 69
570 73
580 57
580 64
580 53
580 63
580 62
580 67
580 56
580 47
580 66
580 58
590 42
590 47
590 58
590 54
590 45
590 46
590 51
590 54
590 45
590 43
600 71
600 52
600 54
600 51
600 48
600 71
600 51
600 70
600 61
600 51
610 59
610 48
610 51
610 35
610 54
610 52
610 43
610 44
610 44
610 56
620 48
620 49
620 46
620 62
620 57
620 59
620 38
620 46
620 36
620 40
630 51
630 59
630 59
630 46
630 53
630 49
630 64
630 43
630 51
630 55
640 50
640 55
640 39
640 50
640 44
640 57
640 62
640 51
640 38
640 50
650 63
650 63
650 58
650 53
650 47
650 59
650 50
650 66
650 63
650 56
660 52
660 49
660 46
660 54
660 58
660 45
660 40
660 58
660 42
660 62
670 49
670 54
670 56
670 62
670 49
670 46
670 57
670 51
670 53
670 51
680 62
680 59
680 45
680 39
680 51
680 50
680 42
680 54
680 46
680 63
690 50
690 42
690 44
690 63
690 38
690 59
690 61
690 58
690 59
690 62
700 60
700 44
700 50
700 56
700 50
700 70
700 64
700 52
700 46
700 65
710 72
710 76
710 66
710 62
710 62
710 63
710 74
710 65
710 65
710 58
720 69
720 62
720 55
720 56
720 57
720 57
720 50
720 55
720 78
720 60
730 68
730 61
730 64
730 70
730 63
730 51
730 58
730 68
730 71
730 73
740 53
740 49
740 43
740 54
740 50
740 60
740 42
740 57
740 52
740 56
750 64
750 57
750 56
750 51
750 44
750 42
750 61
750 66
750 39
750 54
760 79
760 78
760 72
760 60
760 61
760 64
760 57
760 48
760 78
760 55
770 72
770 65
770 60
770 61
770 69
770 70
770 65
770 65
770 78
770 67
780 70
780 66
780 59
780 61
780 47
780 71
780 70
780 49
780 70
780 66
790 51
790 56
790 54
790 59
790 64
790 45
790 54
790 53
790 63
790 62
800 45
800 50
800 50
800 52
800 57
800 48
800 51
800 55
800 42
800 56
810 38
810 52
810 53
810 49
810 57
810 56
810 46
810 56
810 59
810 62
820 68
820 85
820 61
820 87
820 62
820 63
820 73
820 63
820 95
820 58
830 66
830 79
830 71
830 89
830 61
830 67
830 77
830 74
830 71
830 68
840 43
840 58
840 48
840 64
840 53
840 65
840 63
840 47
840 49
840 69
850 53
850 62
850 65
850 47
850 47
850 49
850 39
850 58
850 56
850 65
860 60
860 43
860 61
860 56
860 46
860 56
860 57
860 57
860 46
860 43
870 70
870 70
870 64
870 79
870 56
870 65
870 71
870 68
870 53
870 43
880 46
880 42
880 60
880 52
880 59
880 54
880 54
880 49
880 53
880 57
890 68
890 59
890 62
890 49
890 59
890 42
890 66
890 60
890 74
890 47
900 60
900 60
900 67
900 74
900 69
900 56
900 70
900 42
900 63
900 63
910 46
910 55
910 43
910 60
910 41
910 56
910 51
910 63
910 47
910 62
920 64
920 77
920 62
920 57
920 70
920 68
920 73
920 77
920 70
920 82
930 81
930 66
930 55
930 57
930 62
930 60
930 73
930 64
930 78
930 64
940 86
940 72
940 92
940 58
940 64
940 84
940 67
940 90
940 79
940 67
950 38
950 63
950 41
950 43
950 42
950 44
950 51
950 55
950 45
950 48
960 52
960 70
960 63
960 86
960 66
960 61
960 67
960 65
960 59
960 70
970 53
970 53
970 41
970 60
970 50
970 60
970 55
970 53
970 59
970 56
980 47
980 43
980 50
980 40
980 49
980 57
980 58
980 48
980 49
980 53
990 61
990 74
990 78
990 70
990 52
990 60
990 69
990 58
990 73
990 56
1000 64
1000 64
1000 83
1000 79
1000 58
1000 71
1000 60
1000 76
1000 76
1000 75
