10 6
10 5
10 5
10 6
10 4
10 5
10 5
10 6
10 5
10 4
10 8
10 5
10 7
10 6
10 7
10 7
10 6
10 8
10 6
10 7
10 6
10 5
10 5
10 6
10 5
10 6
10 6
10 5
10 6
10 5
20 9
20 9
20 11
20 11
20 9
20 10
20 8
20 11
20 9
20 6
30 17
30 16
30 15
30 16
30 16
30 9
30 16
30 17
30 17
30 18
40 12
40 12
40 11
40 13
40 11
40 13
40 13
40 12
40 12
40 11
50 19
50 11
50 16
50 18
50 19
50 21
50 17
50 11
50 17
50 18
60 15
60 12
60 17
60 18
60 13
60 19
60 17
60 17
60 15
60 15
70 21
70 19
70 24
70 20
70 24
70 18
70 25
70 15
70 16
70 21
80 14
80 17
80 21
80 17
80 19
80 19
80 22
80 16
80 21
80 22
90 20
90 20
90 25
90 28
90 27
90 26
90 30
90 28
90 27
90 26
100 30
100 28
100 23
100 28
100 29
100 19
100 32
100 24
100 25
100 31
110 23
110 16
110 23
110 27
110 26
110 22
110 20
110 23
110 26
110 24
120 23
120 23
120 18
120 22
120 20
120 20
120 16
120 24
120 19
120 23
130 22
130 16
130 23
130 22
130 21
130 16
130 23
130 23
130 19
130 16
140 24
140 27
140 25
140 27
140 27
140 25
140 23
140 22
140 27
140 36
150 27
150 21
150 28
150 24
150 27
150 22
150 30
150 24
150 26
150 23
160 33
160 21
160 25
160 20
160 27
160 28
160 24
160 28
160 20
160 27
170 26
170 27
170 29
170 33
170 28
170 32
170 28
170 29
170 28
170 28
180 25
180 34
180 27
180 23
180 35
180 40
180 31
180 25
180 25
180 26
190 32
190 38
190 37
190 22
190 33
190 35
190 41
190 34
190 33
190 30
200 40
200 37
200 46
200 31
200 36
200 32
200 37
200 34
200 50
200 39
210 42
210 50
210 30
210 46
210 40
210 34
210 43
210 42
210 42
210 42
220 28
220 30
220 35
220 37
220 30
220 31
220 34
220 23
220 29
220 29
230 37
230 42
230 32
230 42
230 41
230 44
230 27
230 46
230 41
230 37
240 35
240 25
240 25
240 24
240 29
240 28
240 27
240 30
240 35
240 24
250 35
250 44
250 26
250 39
250 32
250 40
250 39
250 35
250 35
250 34
260 47
260 44
260 47
260 32
260 51
260 53
260 51
260 41
260 33
260 45
270 31
270 28
270 25
270 35
270 31
270 30
270 40
270 37
270 30
270 28
280 38
280 25
280 35
280 36
280 35
280 25
280 26
280 28
280 29
280 26
290 44
290 42
290 51
290 40
290 48
290 40
290 36
290 42
290 41
290 37
300 31
300 40
300 31
300 38
300 28
300 43
300 38
300 26
300 35
300 43
310 42
310 43
310 40
310 35
310 30
310 29
310 31
310 36
310 32
310 29
320 51
320 42
320 48
320 40
320 34
320 36
320 39
320 54
320 40
320 47
330 39
330 40
330 43
330 44
330 30
330 39
330 37
330 42
330 52
330 45
340 42
340 37
340 45
340 43
340 47
340 32
340 35
340 25
340 39
340 47
350 67
350 66
350 67
350 59
350 44
350 41
350 71
350 54
350 52
350 66
360 47
360 38
360 43
360 40
360 46
360 36
360 33
360 42
360 38
360 48
370 58
370 63
370 69
370 64
370 73
370 57
370 63
370 68
370 59
370 59
380 31
380 34
380 31
380 29
380 36
380 31
380 37
380 39
380 31
380 33
390 33
390 34
390 42
390 45
390 42
390 43
390 32
390 42
390 46
390 37
400 39
400 43
400 54
400 32
400 38
400 39
400 40
400 50
400 42
400 44
410 40
410 40
410 31
410 52
410 42
410 46
410 45
410 42
410 41
410 49
420 61
420 44
420 53
420 45
420 44
420 44
420 62
420 35
420 43
420 42
430 35
430 48
430 30
430 34
430 43
430 41
430 44
430 40
430 43
430 34
440 36
440 44
440 53
440 53
440 59
440 49
440 36
440 48
440 51
440 39
450 32
450 42
450 36
450 36
450 52
450 40
450 48
450 46
450 49
450 51
460 40
460 40
460 38
460 33
460 41
460 52
460 50
460 36
460 46
460 48
470 43
470 42
470 39
470 42
470 35
470 29
470 39
470 39
470 32
470 45
480 66
480 78
480 82
480 85
480 72
480 83
480 74
480 54
480 68
480 85
490 70
490 47
490 58
490 60
490 71
490 58
490 72
490 42
490 48
490 59
500 50
500 34
500 37
500 46
500 36
500 40
500 51
500 40
500 35
500 36
510 47
510 38
510 39
510 51
510 54
510 46
510 35
510 37
510 57
510 40
520 36
520 51
520 43
520 50
520 46
520 43
520 34
520 47
520 45
520 48
530 53
530 48
530 50
530 53
530 53
530 48
530 53
530 51
530 54
530 38
540 36
540 53
540 43
540 46
540 61
540 38
540 46
540 57
540 47
540 46
550 49
550 43
550 60
550 50
550 45
550 61
550 56
550 46
550 55
550 61
560 56
560 52
560 40
560 42
560 33
560 39
560 45
560 52
560 43
560 40
570 38
570 57
570 48
570 50
570 58
570 44
570 58
570 56
570 53
570 58
580 66
580 69
580 53
580 55
580 57
580 48
580 52
580 39
580 70
580 56
590 60
590 47
590 56
590 41
590 61
590 51
590 59
590 62
590 55
590 58
600 52
600 47
600 49
600 49
600 45
600 40
600 45
600 52
600 45
600 51
610 48
610 39
610 50
610 42
610 47
610 56
610 51
610 43
610 41
610 40
620 62
620 54
620 76
620 68
620 53
620 69
620 48
620 55
620 67
620 54
630 71
630 51
630 54
630 53
630 60
630 56
630 60
630 61
630 54
630 44
640 39
640 47
640 51
640 49
640 62
640 53
640 64
640 47
640 48
640 68
650 61
650 56
650 55
650 59
650 51
650 47
650 57
650 56
650 57
650 55
660 65
660 76
660 79
660 58
660 60
660 54
660 54
660 79
660 53
660 71
670 44
670 43
670 44
670 44
670 54
670 55
670 49
670 40
670 52
670 46
680 59
680 45
680 50
680 62
680 49
680 41
680 57
680 44
680 48
680 46
690 61
690 76
690 56
690 60
690 68
690 49
690 55
690 77
690 71
690 70
700 63
700 50
700 56
700 49
700 52
700 50
700 44
700 42
700 58
700 55
710 44
710 55
710 56
710 43
710 51
710 41
710 50
710 51
710 49
710 36
720 52
720 52
720 45
720 52
720 49
720 49
720 43
720 34
720 43
720 51
730 46
730 39
730 51
730 52
730 41
730 40
730 35
730 58
730 39
730 48
740 66
740 72
740 62
740 64
740 65
740 71
740 75
740 61
740 68
740 48
750 46
750 53
750 63
750 56
750 60
750 57
750 56
750 55
750 51
750 42
760 55
760 64
760 46
760 67
760 63
760 65
760 71
760 58
760 73
760 55
770 48
770 40
770 51
770 44
770 53
770 54
770 47
770 43
770 46
770 39
780 77
780 86
780 78
780 69
780 81
780 80
780 87
780 78
780 71
780 70
790 88
790 56
790 60
790 83
790 61
790 84
790 76
790 75
790 79
790 76
800 74
800 70
800 59
800 62
800 76
800 80
800 56
800 82
800 64
800 58
810 44
810 65
810 56
810 36
810 46
810 39
810 52
810 37
810 54
810 51
820 85
820 76
820 75
820 62
820 75
820 59
820 65
820 72
820 76
820 69
830 56
830 45
830 47
830 56
830 62
830 59
830 69
830 54
830 73
830 65
840 60
840 55
840 39
840 47
840 55
840 40
840 62
840 46
840 41
840 47
850 63
850 59
850 53
850 61
850 61
850 43
850 48
850 57
850 46
850 59
860 52
860 52
860 52
860 54
860 48
860 39
860 52
860 59
860 58
860 45
870 61
870 67
870 72
870 47
870 54
870 63
870 41
870 52
870 43
870 64
880 42
880 49
880 49
880 46
880 46
880 50
880 65
880 43
880 51
880 62
890 55
890 59
890 54
890 56
890 44
890 62
890 46
890 60
890 69
890 60
900 50
900 50
900 56
900 43
900 49
900 49
900 47
900 52
900 47
900 45
910 69
910 88
910 86
910 89
910 61
910 86
910 61
910 91
910 92
910 54
920 68
920 52
920 60
920 61
920 58
920 83
920 62
920 71
920 77
920 57
930 70
930 50
930 73
930 68
930 64
930 72
930 49
930 78
930 78
930 66
940 51
940 58
940 64
940 58
940 41
940 56
940 58
940 55
940 51
940 52
950 75
950 73
950 52
950 66
950 74
950 47
950 65
950 56
950 62
950 70
960 51
960 52
960 53
960 59
960 63
960 59
960 60
960 44
960 62
960 73
970 71
970 54
970 68
970 74
970 63
970 59
970 63
970 65
970 67
970 75
980 47
980 57
980 59
980 55
980 41
980 49
980 50
980 46
980 47
980 56
990 67
990 75
990 66
990 72
990 73
990 69
990 82
990 70
990 66
990 70
1000 62
1000 57
1000 47
1000 67
1000 61
1000 60
1000 61
1000 63
1000 59
1000 72
10 6
10 7
10 7
10 5
10 7
10 8
10 6
10 6
10 7
10 5
20 8
20 9
20 10
20 9
20 10
20 7
20 9
20 6
20 8
20 8
30 8
30 13
30 9
30 14
30 10
30 11
30 9
30 13
30 13
30 13
40 14
40 15
40 17
40 17
40 13
40 17
40 10
40 12
40 16
40 16
50 14
50 13
50 13
50 13
50 14
50 13
50 10
50 10
50 14
50 11
60 20
60 18
60 12
60 19
60 16
60 15
60 18
60 14
60 19
60 17
70 24
70 17
70 17
70 20
70 26
70 25
70 22
70 15
70 18
70 22
80 19
80 19
80 20
80 19
80 18
80 20
80 15
80 21
80 18
80 16
90 20
90 32
90 20
90 23
90 27
90 32
90 22
90 28
90 36
90 19
100 16
100 17
100 16
100 14
100 18
100 16
100 17
100 17
100 17
100 14
110 27
110 30
110 25
110 23
110 26
110 31
110 27
110 31
110 27
110 31
120 44
120 41
120 34
120 35
120 34
120 40
120 37
120 36
120 35
120 44
130 34
130 29
130 27
130 39
130 30
130 41
130 29
130 24
130 23
130 32
140 30
140 27
140 28
140 26
140 23
140 31
140 27
140 30
140 36
140 24
150 21
150 28
150 29
150 24
150 28
150 23
150 24
150 24
150 31
150 30
160 26
160 34
160 33
160 34
160 29
160 24
160 34
160 28
160 31
160 23
170 22
170 28
170 20
170 30
170 27
170 23
170 23
170 30
170 28
170 24
180 28
180 34
180 29
180 34
180 34
180 34
180 31
180 40
180 28
180 35
190 25
190 17
190 27
190 24
190 19
190 23
190 25
190 21
190 24
190 28
200 27
200 36
200 26
200 37
200 27
200 28
200 37
200 30
200 31
200 33
210 31
210 29
210 35
210 29
210 32
210 22
210 31
210 26
210 33
210 28
220 32
220 30
220 32
220 31
220 29
220 22
220 24
220 32
220 31
220 25
230 32
230 30
230 30
230 33
230 38
230 29
230 34
230 32
230 30
230 33
240 31
240 32
240 33
240 35
240 30
240 33
240 22
240 29
240 25
240 27
250 25
250 39
250 32
250 39
250 39
250 34
250 25
250 40
250 37
250 38
260 37
260 39
260 35
260 39
260 35
260 27
260 33
260 34
260 38
260 29
270 35
270 31
270 29
270 30
270 35
270 27
270 27
270 32
270 30
270 35
280 35
280 41
280 34
280 41
280 43
280 34
280 27
280 33
280 39
280 40
290 34
290 39
290 42
290 38
290 49
290 37
290 36
290 40
290 31
290 35
300 41
300 32
300 36
300 34
300 37
300 28
300 32
300 41
300 25
300 34
310 31
310 27
310 37
310 34
310 25
310 31
310 39
310 36
310 34
310 33
320 36
320 32
320 37
320 40
320 36
320 39
320 28
320 30
320 33
320 29
330 60
330 51
330 44
330 50
330 47
330 58
330 47
330 58
330 41
330 51
340 55
340 39
340 48
340 39
340 52
340 52
340 47
340 50
340 40
340 45
350 41
350 60
350 54
350 57
350 35
350 51
350 45
350 51
350 50
350 57
360 27
360 38
360 43
360 29
360 37
360 31
360 41
360 35
360 32
360 35
370 41
370 48
370 31
370 33
370 42
370 40
370 43
370 46
370 43
370 38
380 43
380 50
380 48
380 33
380 52
380 45
380 44
380 43
380 50
380 40
390 38
390 34
390 41
390 41
390 36
390 26
390 26
390 39
390 38
390 34
400 48
400 55
400 52
400 53
400 55
400 57
400 50
400 59
400 52
400 44
410 51
410 39
410 66
410 58
410 51
410 65
410 70
410 67
410 42
410 61
420 53
420 57
420 57
420 53
420 51
420 50
420 57
420 41
420 54
420 54
430 44
430 46
430 36
430 51
430 53
430 44
430 33
430 52
430 45
430 52
440 42
440 52
440 45
440 38
440 42
440 56
440 40
440 43
440 37
440 45
450 36
450 47
450 42
450 52
450 38
450 42
450 37
450 40
450 50
450 35
460 40
460 60
460 40
460 54
460 48
460 49
460 39
460 50
460 51
460 53
470 43
470 34
470 34
470 43
470 46
470 38
470 46
470 47
470 43
470 48
480 40
480 38
480 25
480 25
480 34
480 30
480 35
480 39
480 44
480 34
490 44
490 50
490 58
490 45
490 47
490 53
490 55
490 44
490 39
490 45
500 47
500 45
500 41
500 36
500 51
500 50
500 42
500 53
500 49
500 51
510 47
510 36
510 47
510 52
510 46
510 50
510 49
510 54
510 37
510 55
520 43
520 62
520 54
520 51
520 54
520 45
520 43
520 46
520 41
520 59
530 58
530 52
530 57
530 62
530 66
530 42
530 42
530 48
530 59
530 66
540 48
540 38
540 47
540 51
540 48
540 43
540 48
540 43
540 61
540 40
550 41
550 40
550 41
550 50
550 49
550 58
550 45
550 53
550 48
550 57
560 45
560 43
560 56
560 50
560 69
560 50
560 54
560 62
560 65
560 61
570 45
570 40
570 46
570 55
570 41
570 39
570 44
570 48
570 51
570 36
580 65
580 63
580 57
580 65
580 60
580 54
580 67
580 54
580 59
580 61
590 41
590 41
590 38
590 38
590 38
590 41
590 57
590 47
590 36
590 36
600 66
600 46
600 47
600 43
600 62
600 51
600 66
600 55
600 50
600 44
610 64
610 57
610 54
610 48
610 55
610 51
610 56
610 54
610 59
610 47
620 64
620 60
620 60
620 63
620 63
620 63
620 64
620 46
620 46
620 65
630 64
630 67
630 74
630 50
630 63
630 70
630 77
630 66
630 73
630 69
640 47
640 55
640 46
640 51
640 45
640 48
640 64
640 52
640 43
640 38
650 58
650 47
650 53
650 48
650 56
650 55
650 49
650 43
650 49
650 46
660 55
660 55
660 54
660 35
660 42
660 53
660 40
660 58
660 44
660 53
670 43
670 53
670 46
670 46
670 47
670 50
670 50
670 52
670 54
670 46
680 51
680 51
680 43
680 56
680 52
680 50
680 40
680 36
680 56
680 51
690 71
690 66
690 68
690 46
690 63
690 66
690 60
690 69
690 70
690 60
700 67
700 76
700 75
700 49
700 51
700 80
700 70
700 58
700 57
700 68
710 59
710 61
710 79
710 81
710 64
710 59
710 70
710 60
710 65
710 80
720 38
720 53
720 48
720 51
720 41
720 47
720 52
720 38
720 51
720 53
730 57
730 48
730 47
730 58
730 57
730 60
730 46
730 48
730 48
730 40
740 80
740 77
740 87
740 61
740 51
740 81
740 79
740 88
740 59
740 66
750 53
750 41
750 49
750 61
750 55
750 39
750 39
750 58
750 41
750 52
760 65
760 58
760 66
760 59
760 49
760 42
760 67
760 44
760 43
760 52
770 51
770 43
770 46
770 42
770 43
770 44
770 54
770 50
770 45
770 49
780 52
780 58
780 59
780 51
780 42
780 58
780 52
780 73
780 56
780 65
790 52
790 60
790 83
790 54
790 70
790 60
790 71
790 75
790 63
790 71
800 61
800 46
800 53
800 51
800 50
800 52
800 44
800 35
800 54
800 63
810 78
810 51
810 54
810 67
810 62
810 66
810 63
810 53
810 72
810 46
820 54
820 83
820 56
820 60
820 57
820 68
820 65
820 53
820 79
820 80
830 64
830 103
830 68
830 74
830 93
830 66
830 74
830 65
830 89
830 78
840 75
840 84
840 72
840 76
840 91
840 74
840 83
840 84
840 75
840 69
850 62
850 62
850 48
850 58
850 63
850 63
850 75
850 53
850 49
850 55
860 43
860 48
860 48
860 39
860 48
860 42
860 52
860 51
860 45
860 48
870 64
870 60
870 57
870 73
870 74
870 49
870 80
870 59
870 59
870 67
880 58
880 75
880 52
880 68
880 57
880 66
880 75
880 75
880 65
880 56
890 76
890 70
890 74
890 84
890 68
890 59
890 60
890 72
890 50
890 64
900 44
900 59
900 51
900 52
900 53
900 52
900 52
900 59
900 35
900 55
910 52
910 62
910 57
910 62
910 57
910 64
910 58
910 65
910 85
910 79
920 50
920 42
920 46
920 45
920 48
920 56
920 53
920 44
920 63
920 42
930 59
930 60
930 45
930 54
930 54
930 65
930 57
930 45
930 70
930 52
940 53
940 54
940 68
940 44
940 53
940 76
940 60
940 50
940 71
940 51
950 47
950 47
950 46
950 62
950 54
950 55
950 53
950 49
950 43
950 57
960 55
960 58
960 66
960 62
960 58
960 48
960 51
960 66
960 72
960 44
970 64
970 57
970 61
970 46
970 58
970 72
970 62
970 50
970 64
970 60
980 65
980 86
980 69
980 82
980 64
980 71
980 81
980 79
980 83
980 86
990 66
990 41
990 63
990 65
990 53
990 63
990 61
990 47
990 49
990 59
1000 74
1000 86
1000 91
1000 93
1000 93
1000 87
1000 82
1000 56
1000 89
1000 79
