-1  15  15  15
 ??????????????  4
 0.004617684  0  0  0  A
 0.035560408  0  0  1  A
 0.049399356  0  0  2  A
 0.074432622  0  0  3  A
 0.089991290  0  0  4  A
 0.131251660  0  0  5  A
 0.177858100  0  0  6  A
 0.221497010  0  0  7  A
 0.234737743  0  0  8  A
 0.247904023  0  0  9  A
 0.292040076  0  0  10  A
 0.320680402  0  0  11  A
 0.332495283  0  0  12  A
 0.349087551  0  0  13  A
 0.365058263  0  0  14  A
 0.383678695  0  0  0  A
 0.412096544  0  0  1  A
 0.004621018  5  5  5  F
 0.044426699  5  6  5  F
 0.089843988  5  7  5  F
 0.129283779  5  8  5  F
 0.164584960  5  9  5  F
 0.194585073  5  10  5  F
 0.220201376  5  11  5  F
 0.241038340  5  12  5  F
 0.279743543  5  13  5  F
 0.306612211  5  14  5  F
 0.340554290  5  0  5  F
 0.379722710  5  1  5  F
 0.390430854  5  2  5  F
 0.411681150  5  3  5  F
 0.424004134  5  4  5  F
 0.447214962  5  5  5  F
 0.004631338  8  8  8  I
 0.031350895  8  8  7  I
 0.049431761  8  8  6  I
 0.096247782  8  8  5  I
 0.107030324  8  8  4  I
 0.131906344  8  8  3  I
 0.144299065  8  8  2  I
 0.156784796  8  8  1  I
 0.196788725  8  8  0  I
 0.218436205  8  8  14  I
 0.261687794  8  8  13  I
 0.294628557  8  8  12  I
 0.313634656  8  8  11  I
 0.324997279  8  8  10  I
 0.363329887  8  8  9  I
 0.403819240  8  8  8  I
 0.430255688  8  8  7  I
 0.464248237  8  8  6  I
 0.491703835  8  8  5  I
 0.004688784  13  13  13  N
 0.054642315  13  12  13  N
 0.103881379  13  11  13  N
 0.161874554  13  10  13  N
 0.174331394  13  9  13  N
 0.214047262  13  8  13  N
 0.238844300  13  7  13  N
 0.298821923  13  6  13  N
 0.332521950  13  5  13  N
 0.380674949  13  4  13  N
 0.425820070  13  3  13  N
 0.471378914  13  2  13  N
 0.488064586  13  1  13  N
 0.503507966  13  0  13  N
 0.531740150  13  14  13  N
 0.579717985  13  13  13  N
 0.614213234  13  12  13  N
 0.004618712  9  9  9  J
 0.765808372  9  9  9  j
 0.004640186  10  10  10  K
 0.034606492  10  10  11  K
 0.105441284  10  10  12  K
 0.122258159  10  10  13  K
 0.161778645  10  10  14  K
 0.204634761  10  10  0  K
 0.218519655  10  10  1  K
 0.243254933  10  10  2  K
 0.283041507  10  10  3  K
 0.316639742  10  10  4  K
 0.354516862  10  10  5  K
 0.404057628  10  10  6  K
 0.440823425  10  10  7  K
 0.479899297  10  10  8  K
 0.500660822  10  10  9  K
 0.544694685  10  10  10  K
 0.582070904  10  10  11  K
 0.609833972  10  10  12  K
 0.636045659  10  10  13  K
 0.682447977  10  10  14  K
 0.719612202  10  10  0  K
 0.730839502  10  10  1  K
 0.779158906  10  10  2  K
 0.794261804  10  10  3  K
 0.820036772  10  10  4  K
 0.004617649  1  1  1  B
 0.036294693  1  2  1  B
 0.053611558  1  3  1  B
 0.090829163  1  4  1  B
 0.134463320  1  5  1  B
 0.175839350  1  6  1  B
 0.219026990  1  7  1  B
 0.254527598  1  8  1  B
 0.274859971  1  9  1  B
 0.308547532  1  10  1  B
 0.351090020  1  11  1  B
 0.394931459  1  12  1  B
 0.442656402  1  13  1  B
 0.481555606  1  14  1  B
 1.270180877  1  14  1  b
 0.004639745  14  14  14  O
 0.015943285  14  14  0  O
 0.026210161  14  14  1  O
 0.073796762  14  14  2  O
 0.118619754  14  14  3  O
 0.161238988  14  14  4  O
 0.199390485  14  14  5  O
 0.247398507  14  14  6  O
 0.294643851  14  14  7  O
 0.328620889  14  14  8  O
 0.363227604  14  14  9  O
 0.380063851  14  14  10  O
 0.412420543  14  14  11  O
 0.458063414  14  14  12  O
 0.503441283  14  14  13  O
 0.531663729  14  14  14  O
 0.558974717  14  14  0  O
 1.341004489  14  14  0  o
 0.004673691  12  12  12  M
 0.020010527  12  11  12  M
 0.065590982  12  10  12  M
 0.105323368  12  9  12  M
 0.144269827  12  8  12  M
 0.168660162  12  7  12  M
 0.201759207  12  6  12  M
 0.239509104  12  5  12  M
 0.268746318  12  4  12  M
 0.279434501  12  3  12  M
 0.325311053  12  2  12  M
 0.349439801  12  1  12  M
 0.372265659  12  0  12  M
 0.391377282  12  14  12  M
 0.434880307  12  13  12  M
 0.470963304  12  12  12  M
 0.503349151  12  11  12  M
 0.539299585  12  10  12  M
 0.575614371  12  9  12  M
 0.603711154  12  8  12  M
 0.624491715  12  7  12  M
 0.639387097  12  6  12  M
 0.681182344  12  5  12  M
 0.717810865  12  4  12  M
 0.730558919  12  3  12  M
 0.742967221  12  2  12  M
 0.761345727  12  1  12  M
 0.795237158  12  0  12  M
 0.839614840  12  14  12  M
 0.857185519  12  13  12  M
 0.867832187  12  12  12  M
 0.910698874  12  11  12  M
 0.956843288  12  10  12  M
 1.000719028  12  9  12  M
 1.031903131  12  8  12  M
 1.069355600  12  7  12  M
 1.107627896  12  6  12  M
 1.151204806  12  5  12  M
 1.179663156  12  4  12  M
 1.229536128  12  3  12  M
 1.245802785  12  2  12  M
 1.295088131  12  1  12  M
 1.321236049  12  0  12  M
 1.338758346  12  14  12  M
 1.378296211  12  13  12  M
 1.422928078  12  12  12  M
 0.004673683  2  2  2  C
 0.053707849  2  2  1  C
 0.097825584  2  2  0  C
 0.142754822  2  2  14  C
 0.176434000  2  2  13  C
 0.203955297  2  2  12  C
 0.238741411  2  2  11  C
 0.274665554  2  2  10  C
 0.308947487  2  2  9  C
 0.329395451  2  2  8  C
 0.386812095  2  2  7  C
 0.422292828  2  2  6  C
 0.453619003  2  2  5  C
 0.495399444  2  2  4  C
 0.512904694  2  2  3  C
 0.540885611  2  2  2  C
 0.554591591  2  2  1  C
 0.572260573  2  2  0  C
 0.617546348  2  2  14  C
 0.658647324  2  2  13  C
 0.684652580  2  2  12  C
 0.695000527  2  2  11  C
 0.707213809  2  2  10  C
 0.724930784  2  2  9  C
 0.737869510  2  2  8  C
 0.771982885  2  2  7  C
 0.786046063  2  2  6  C
 0.816302723  2  2  5  C
 0.844841164  2  2  4  C
 0.880253422  2  2  3  C
 0.914311495  2  2  2  C
 0.956348067  2  2  1  C
 0.992498450  2  2  0  C
 1.007008268  2  2  14  C
 1.028011886  2  2  13  C
 1.067019691  2  2  12  C
 1.101774157  2  2  11  C
 1.136511330  2  2  10  C
 1.169383927  2  2  9  C
 1.196847963  2  2  8  C
 1.227241136  2  2  7  C
 1.261425029  2  2  6  C
 1.305803697  2  2  5  C
 1.333395239  2  2  4  C
 1.381943741  2  2  3  C
 1.395213405  2  2  2  C
 1.436038426  2  2  1  C
 1.469123804  2  2  0  C
 1.481001559  2  2  14  C
 1.494444816  2  2  13  C
 1.522963205  2  2  12  C
 1.553666053  2  2  11  C
 1.594543533  2  2  10  C
 1.629912333  2  2  9  C
 1.655638290  2  2  8  C
 1.702969878  2  2  7  C
 1.741541419  2  2  6  C
 1.780058170  2  2  5  C
 1.810563363  2  2  4  C
 1.860333579  2  2  3  C
 1.879134620  2  2  2  C
 1.901355843  2  2  1  C
 1.918699974  2  2  0  C
 1.936644143  2  2  14  C
 1.955716888  2  2  13  C
 1.998360968  2  2  12  C
 2.042493929  2  2  11  C
 2.085971636  2  2  10  C
 2.105010168  2  2  9  C
 2.135927872  2  2  8  C
 2.170156390  2  2  7  C
 2.217711028  2  2  6  C
 0.004622876  7  7  7  H
 0.049458436  7  8  7  H
 0.067194477  7  9  7  H
 0.108181418  7  10  7  H
 0.125774094  7  11  7  H
 0.170181962  7  12  7  H
 0.219987144  7  13  7  H
 0.256939741  7  14  7  H
 0.294568381  7  0  7  H
 0.341747213  7  1  7  H
 0.362716239  7  2  7  H
 0.386723898  7  3  7  H
 0.427095522  7  4  7  H
 0.465180915  7  5  7  H
 0.492316459  7  6  7  H
 0.511891591  7  7  7  H
 0.558711865  7  8  7  H
 0.577012360  7  9  7  H
 0.593547610  7  10  7  H
 0.642031924  7  11  7  H
 0.660785561  7  12  7  H
 0.671548024  7  13  7  H
 0.691861466  7  14  7  H
 0.721459701  7  0  7  H
 0.740523818  7  1  7  H
 0.786152888  7  2  7  H
 0.827595244  7  3  7  H
 0.866495930  7  4  7  H
 0.901124032  7  5  7  H
 0.941705770  7  6  7  H
 0.983715463  7  7  7  H
 1.024846305  7  8  7  H
 1.059512909  7  9  7  H
 1.105725898  7  10  7  H
 1.130887654  7  11  7  H
 1.150930125  7  12  7  H
 1.185775403  7  13  7  H
 1.219698611  7  14  7  H
 1.257868972  7  0  7  H
 1.277459758  7  1  7  H
 1.291975171  7  2  7  H
 1.335378323  7  3  7  H
 1.377877758  7  4  7  H
 1.412743094  7  5  7  H
 1.452879136  7  6  7  H
 1.502648201  7  7  7  H
 1.518142185  7  8  7  H
 1.530763885  7  9  7  H
 1.544213732  7  10  7  H
 1.581684008  7  11  7  H
 1.601254803  7  12  7  H
 1.615957198  7  13  7  H
 1.638152845  7  14  7  H
 1.676877974  7  0  7  H
 1.697922254  7  1  7  H
 1.741589102  7  2  7  H
 1.759728932  7  3  7  H
 1.769869683  7  4  7  H
 1.782274082  7  5  7  H
 1.827995966  7  6  7  H
 1.845693425  7  7  7  H
 1.871532698  7  8  7  H
 1.888844903  7  9  7  H
 1.929699244  7  10  7  H
 1.955242928  7  11  7  H
 2.002964326  7  12  7  H
 2.040193921  7  13  7  H
 2.065867792  7  14  7  H
 2.112376389  7  0  7  H
 2.134205928  7  1  7  H
 2.217807842  7  2  7  H
 0.004679288  11  11  11  L
 0.018230096  11  12  11  L
 0.030567977  11  13  11  L
 0.070539729  11  14  11  L
 0.091732108  11  0  11  L
 0.120960953  11  1  11  L
 0.156180696  11  2  11  L
 0.204859156  11  3  11  L
 0.245219137  11  4  11  L
 0.262959978  11  5  11  L
 0.312685868  11  6  11  L
 0.348095147  11  7  11  L
 0.379379458  11  8  11  L
 0.391274272  11  9  11  L
 0.415810477  11  10  11  L
 0.449204698  11  11  11  L
 0.490948999  11  12  11  L
 0.534866942  11  13  11  L
 0.574426257  11  14  11  L
 0.608714110  11  0  11  L
 0.626437436  11  1  11  L
 0.647009922  11  2  11  L
 0.684382396  11  3  11  L
 0.732960627  11  4  11  L
 0.769106469  11  5  11  L
 0.779591940  11  6  11  L
 0.816983020  11  7  11  L
 0.827236532  11  8  11  L
 0.845288010  11  9  11  L
 0.877598115  11  10  11  L
 0.925646678  11  11  11  L
 0.936126003  11  12  11  L
 0.946920112  11  13  11  L
 0.971507872  11  14  11  L
 0.996263890  11  0  11  L
 1.041312027  11  1  11  L
 1.076136781  11  2  11  L
 1.094779318  11  3  11  L
 1.144651629  11  4  11  L
 1.186601756  11  5  11  L
 1.228193496  11  6  11  L
 1.276013635  11  7  11  L
 1.311985734  11  8  11  L
 1.336186958  11  9  11  L
 1.362263986  11  10  11  L
 1.402066208  11  11  11  L
 1.448278990  11  12  11  L
 1.464230258  11  13  11  L
 1.479486383  11  14  11  L
 1.490752134  11  0  11  L
 1.524384239  11  1  11  L
 1.594554631  11  2  11  L
 1.616922626  11  3  11  L
 1.652181277  11  4  11  L
 1.694609483  11  5  11  L
 1.727985896  11  6  11  L
 1.754502067  11  7  11  L
 1.799259705  11  8  11  L
 1.811348486  11  9  11  L
 1.850749379  11  10  11  L
 1.889087984  11  11  11  L
 1.932368474  11  12  11  L
 1.978486356  11  13  11  L
 2.018563685  11  14  11  L
 2.030381764  11  0  11  L
 2.047764823  11  1  11  L
 2.085998634  11  2  11  L
 2.101354668  11  3  11  L
 2.142217475  11  4  11  L
 2.156061041  11  5  11  L
 2.205373871  11  6  11  L
 2.243037235  11  7  11  L
 2.265292906  11  8  11  L
 2.284493993  11  9  11  L
 2.308269289  11  10  11  L
 2.348146665  11  11  11  L
 2.380827314  11  12  11  L
 2.410349755  11  13  11  L
 2.441307184  11  14  11  L
 2.455861012  11  0  11  L
 2.502807772  11  1  11  L
 2.537112074  11  2  11  L
 0.004679277  3  3  3  D
 0.028532286  3  4  3  D
 0.054919672  3  5  3  D
 0.070864693  3  6  3  D
 0.103483081  3  7  3  D
 0.149764630  3  8  3  D
 0.171609088  3  9  3  D
 0.192395116  3  10  3  D
 0.207732484  3  11  3  D
 0.234798388  3  12  3  D
 0.274575801  3  13  3  D
 0.311975536  3  14  3  D
 0.348781298  3  0  3  D
 0.379324668  3  1  3  D
 0.428254483  3  2  3  D
 0.450957635  3  3  3  D
 0.491343382  3  4  3  D
 0.538148664  3  5  3  D
 0.583920346  3  6  3  D
 0.615908067  3  7  3  D
 0.655179061  3  8  3  D
 0.673764267  3  9  3  D
 0.719434022  3  10  3  D
 0.756547397  3  11  3  D
 0.782897583  3  12  3  D
 0.819678049  3  13  3  D
 0.868780710  3  14  3  D
 0.881076700  3  0  3  D
 0.900069951  3  1  3  D
 0.927563217  3  2  3  D
 0.939408257  3  3  3  D
 0.959042881  3  4  3  D
 0.981797887  3  5  3  D
 1.026444092  3  6  3  D
 1.065100992  3  7  3  D
 1.090040231  3  8  3  D
 1.116745305  3  9  3  D
 1.162959287  3  10  3  D
 1.196161363  3  11  3  D
 1.241417538  3  12  3  D
 1.262662898  3  13  3  D
 1.293869329  3  14  3  D
 1.343443560  3  0  3  D
 1.379881676  3  1  3  D
 1.399817069  3  2  3  D
 1.419668326  3  3  3  D
 1.462650712  3  4  3  D
 1.480971097  3  5  3  D
 1.499274382  3  6  3  D
 1.512497393  3  7  3  D
 1.541415320  3  8  3  D
 1.583253703  3  9  3  D
 1.630303718  3  10  3  D
 1.666631423  3  11  3  D
 1.684602885  3  12  3  D
 1.732277402  3  13  3  D
 1.776974395  3  14  3  D
 1.788875765  3  0  3  D
 1.802228808  3  1  3  D
 1.847084553  3  2  3  D
 1.860324779  3  3  3  D
 1.880797677  3  4  3  D
 1.926785052  3  5  3  D
 1.952990801  3  6  3  D
 1.980584140  3  7  3  D
 1.997552132  3  8  3  D
 2.007707588  3  9  3  D
 2.023518121  3  10  3  D
 2.069886276  3  11  3  D
 2.094101348  3  12  3  D
 2.136469393  3  13  3  D
 2.180253746  3  14  3  D
 2.218647529  3  0  3  D
 2.246650429  3  1  3  D
 2.282164428  3  2  3  D
 2.320974869  3  3  3  D
 2.357359968  3  4  3  D
 2.369449726  3  5  3  D
 2.404420653  3  6  3  D
 2.424123694  3  7  3  D
 2.472111223  3  8  3  D
 2.492113445  3  9  3  D
 2.512940959  3  10  3  D
 2.561498073  3  11  3  D
 2.589036360  3  12  3  D
 2.614753968  3  13  3  D
 2.654123081  3  14  3  D
 2.681248099  3  0  3  D
 2.700666692  3  1  3  D
 2.737848726  3  2  3  D
 2.786373273  3  3  3  D
 0.004688779  4  4  4  E
 0.040399165  4  4  5  E
 0.063932952  4  4  6  E
 0.112169856  4  4  7  E
 0.134260447  4  4  8  E
 0.149108217  4  4  9  E
 0.196680398  4  4  10  E
 0.223497515  4  4  11  E
 0.243580205  4  4  12  E
 0.268649818  4  4  13  E
 0.291716371  4  4  14  E
 0.334632380  4  4  0  E
 0.345859142  4  4  1  E
 0.381483426  4  4  2  E
 0.404994734  4  4  3  E
 0.446618603  4  4  4  E
 0.471655278  4  4  5  E
 0.515303175  4  4  6  E
 0.533196122  4  4  7  E
 0.558849996  4  4  8  E
 0.586942334  4  4  9  E
 0.614091314  4  4  10  E
 0.629035926  4  4  11  E
 0.677709475  4  4  12  E
 0.698419550  4  4  13  E
 0.744403998  4  4  14  E
 0.777318950  4  4  0  E
 0.823057266  4  4  1  E
 0.839470431  4  4  2  E
 0.867850944  4  4  3  E
 0.880336009  4  4  4  E
 0.920450439  4  4  5  E
 0.935615135  4  4  6  E
 0.947060601  4  4  7  E
 0.975979701  4  4  8  E
 1.005217309  4  4  9  E
 1.050555948  4  4  10  E
 1.082029691  4  4  11  E
 1.104048330  4  4  12  E
 1.135320343  4  4  13  E
 1.168953292  4  4  14  E
 1.192471418  4  4  0  E
 1.205036316  4  4  1  E
 1.221083859  4  4  2  E
 1.249396654  4  4  3  E
 1.271671846  4  4  4  E
 1.293838799  4  4  5  E
 1.316480499  4  4  6  E
 1.334971343  4  4  7  E
 1.369936903  4  4  8  E
 1.400166253  4  4  9  E
 1.413186960  4  4  10  E
 1.440358307  4  4  11  E
 1.482995848  4  4  12  E
 1.531430802  4  4  13  E
 1.577514873  4  4  14  E
 1.622973149  4  4  0  E
 1.668718792  4  4  1  E
 1.687589978  4  4  2  E
 1.704866791  4  4  3  E
 1.721296354  4  4  4  E
 1.748936516  4  4  5  E
 1.790781326  4  4  6  E
 1.831676924  4  4  7  E
 1.877614824  4  4  8  E
 1.907260888  4  4  9  E
 1.943379794  4  4  10  E
 1.958856750  4  4  11  E
 1.998434822  4  4  12  E
 2.047114920  4  4  13  E
 2.096287786  4  4  14  E
 2.141024911  4  4  0  E
 2.157061919  4  4  1  E
 2.183663844  4  4  2  E
 2.216995114  4  4  3  E
 2.233827737  4  4  4  E
 2.267891075  4  4  5  E
 2.300155790  4  4  6  E
 2.347482252  4  4  7  E
 2.370366037  4  4  8  E
 2.385282213  4  4  9  E
 2.423683582  4  4  10  E
 2.459464458  4  4  11  E
 2.497386003  4  4  12  E
 2.545432125  4  4  13  E
 2.587036535  4  4  14  E
 2.613776077  4  4  0  E
 2.634601573  4  4  1  E
 2.678057953  4  4  2  E
 2.725815542  4  4  3  E
 2.774639347  4  4  4  E
 2.809469143  4  4  5  E
 2.843216957  4  4  6  E
 2.865144923  4  4  7  E
 2.901140471  4  4  8  E
 2.914227028  4  4  9  E
 0.004618829  6  6  6  G
 0.026040985  6  6  7  G
 0.049492579  6  6  8  G
 0.096657367  6  6  9  G
 0.135466185  6  6  10  G
 0.162995603  6  6  11  G
 0.239579436  6  6  12  G
 0.260940426  6  6  13  G
 0.298745170  6  6  14  G
 0.331552635  6  6  0  G
 0.370671204  6  6  1  G
 0.404752154  6  6  2  G
 0.449449050  6  6  3  G
 0.461371779  6  6  4  G
 0.493159141  6  6  5  G
 0.520918833  6  6  6  G
 0.550226761  6  6  7  G
 0.576040219  6  6  8  G
 0.615898188  6  6  9  G
 0.661212438  6  6  10  G
 0.697681049  6  6  11  G
 0.719971248  6  6  12  G
 0.747448305  6  6  13  G
 0.786734364  6  6  14  G
 0.824190013  6  6  0  G
 0.845963637  6  6  1  G
 0.860645704  6  6  2  G
 0.880912664  6  6  3  G
 0.898841578  6  6  4  G
 0.917192364  6  6  5  G
 0.958979417  6  6  6  G
 0.990719593  6  6  7  G
 1.022045243  6  6  8  G
 1.047787882  6  6  9  G
 1.094833419  6  6  10  G
 1.130678026  6  6  11  G
 1.160506931  6  6  12  G
 1.205742790  6  6  13  G
 1.241506896  6  6  14  G
 1.252009165  6  6  0  G
 1.267934790  6  6  1  G
 1.311746085  6  6  2  G
 1.356640923  6  6  3  G
 1.404462513  6  6  4  G
 1.437882691  6  6  5  G
 1.448059584  6  6  6  G
 1.502673257  6  6  7  G
 1.524157230  6  6  8  G
 1.557379884  6  6  9  G
 1.569058993  6  6  10  G
 1.616920818  6  6  11  G
 1.660884912  6  6  12  G
 1.673093038  6  6  13  G
 1.708537814  6  6  14  G
 1.741199396  6  6  0  G
 1.787179397  6  6  1  G
 1.824589880  6  6  2  G
 1.864988900  6  6  3  G
 1.875923507  6  6  4  G
 1.907600940  6  6  5  G
 1.919639306  6  6  6  G
 1.969616939  6  6  7  G
 2.005653310  6  6  8  G
 2.031002936  6  6  9  G
 2.061815882  6  6  10  G
 2.104052532  6  6  11  G
 2.129788271  6  6  12  G
 2.158739935  6  6  13  G
 2.185296170  6  6  14  G
 2.216796715  6  6  0  G
 2.250709325  6  6  1  G
 2.271138575  6  6  2  G
 2.300935035  6  6  3  G
 2.334479743  6  6  4  G
 2.356246118  6  6  5  G
 2.397317273  6  6  6  G
 2.439291856  6  6  7  G
 2.476091416  6  6  8  G
 2.487339819  6  6  9  G
 2.514818394  6  6  10  G
 2.533580544  6  6  11  G
 2.551895919  6  6  12  G
 2.577431126  6  6  13  G
 2.608821836  6  6  14  G
 2.621005534  6  6  0  G
 2.662548385  6  6  1  G
 2.703992887  6  6  2  G
 2.751539937  6  6  3  G
 2.776475208  6  6  4  G
 2.821202015  6  6  5  G
 2.839825151  6  6  6  G
 2.854814965  6  6  7  G
 2.875966976  6  6  8  G
 2.915969903  6  6  9  G
 2.952264165  6  6  10  G
 2.967939757  6  6  11  G
 2.996378135  6  6  12  G
