-1  15  15  15
 ??????????????  4
 0.003404568  1  1  1  B
 0.074347784  1  2  1  B
 0.107505073  1  3  1  B
 0.139234032  1  4  1  B
 0.165707926  1  5  1  B
 0.192054149  1  6  1  B
 0.210955065  1  7  1  B
 0.231493636  1  8  1  B
 0.267449778  1  9  1  B
 0.314561877  1  10  1  B
 0.342241255  1  11  1  B
 0.367547674  1  12  1  B
 0.390681257  1  13  1  B
 0.445381350  1  14  1  B
 0.481434218  1  0  1  B
 0.500694582  1  1  1  B
 0.554967563  1  2  1  B
 0.600946363  1  3  1  B
 0.635192440  1  4  1  B
 0.660660984  1  5  1  B
 0.672057806  1  6  1  B
 0.003428920  13  13  13  N
 0.778587469  13  13  13  n
 0.003387748  0  0  0  A
 0.044775712  0  14  0  A
 0.071344811  0  13  0  A
 0.104756517  0  12  0  A
 0.124754379  0  11  0  A
 0.170818538  0  10  0  A
 0.195008710  0  9  0  A
 0.234963450  0  8  0  A
 0.255536910  0  7  0  A
 0.271648299  0  6  0  A
 0.306021562  0  5  0  A
 0.343849097  0  4  0  A
 0.381399395  0  3  0  A
 0.410034184  0  2  0  A
 0.430661892  0  1  0  A
 0.457184293  0  0  0  A
 0.489905398  0  14  0  A
 0.512421429  0  13  0  A
 0.531473074  0  12  0  A
 0.546299461  0  11  0  A
 0.569254061  0  10  0  A
 0.603512364  0  9  0  A
 0.652779979  0  8  0  A
 0.687708671  0  7  0  A
 0.704955772  0  6  0  A
 0.727451928  0  5  0  A
 0.785911772  0  4  0  A
 0.796198483  0  3  0  A
 0.003423696  7  7  7  H
 0.062186476  7  6  7  H
 0.100777617  7  5  7  H
 0.118673780  7  4  7  H
 0.144504325  7  3  7  H
 0.183177890  7  2  7  H
 0.213809928  7  1  7  H
 0.227376895  7  0  7  H
 0.250974249  7  14  7  H
 0.293260675  7  13  7  H
 0.336262227  7  12  7  H
 0.360349630  7  11  7  H
 0.394142590  7  10  7  H
 0.439854464  7  9  7  H
 0.482875063  7  8  7  H
 0.514438635  7  7  7  H
 0.561236908  7  6  7  H
 0.593396879  7  5  7  H
 0.611713552  7  4  7  H
 0.650821615  7  3  7  H
 0.661108033  7  2  7  H
 0.708648921  7  1  7  H
 0.738853079  7  0  7  H
 0.769482105  7  14  7  H
 0.813229835  7  13  7  H
 0.826365018  7  12  7  H
 0.864894100  7  11  7  H
 0.897633515  7  10  7  H
 0.003440642  9  9  9  J
 0.049885172  9  10  9  J
 0.062686007  9  11  9  J
 0.077146393  9  12  9  J
 0.098678341  9  13  9  J
 0.112910334  9  14  9  J
 0.155491441  9  0  9  J
 0.172297074  9  1  9  J
 0.221489346  9  2  9  J
 0.255709336  9  3  9  J
 0.293340695  9  4  9  J
 0.332517718  9  5  9  J
 0.376359620  9  6  9  J
 0.424172678  9  7  9  J
 0.476441209  9  8  9  J
 0.521745134  9  9  9  J
 0.545480047  9  10  9  J
 0.566512844  9  11  9  J
 0.593735997  9  12  9  J
 0.604576105  9  13  9  J
 0.641083539  9  14  9  J
 0.673708263  9  0  9  J
 0.691448327  9  1  9  J
 0.741197035  9  2  9  J
 0.762487793  9  3  9  J
 0.784694789  9  4  9  J
 0.817203939  9  5  9  J
 0.861114122  9  6  9  J
 0.878038486  9  7  9  J
 0.926792564  9  8  9  J
 0.937522066  9  9  9  J
 0.965148474  9  10  9  J
 1.000489556  9  11  9  J
 1.013361979  9  12  9  J
 1.042828331  9  13  9  J
 1.079208840  9  14  9  J
 0.003456167  3  3  3  D
 0.038856906  3  2  3  D
 0.055630154  3  1  3  D
 0.091417033  3  0  3  D
 0.133500218  3  14  3  D
 0.159185900  3  13  3  D
 0.176954361  3  12  3  D
 0.218691241  3  11  3  D
 0.266087993  3  10  3  D
 0.312502228  3  9  3  D
 0.331997334  3  8  3  D
 0.355182906  3  7  3  D
 0.393225413  3  6  3  D
 0.433877077  3  5  3  D
 0.477433044  3  4  3  D
 0.522792683  3  3  3  D
 0.537418758  3  2  3  D
 0.577566075  3  1  3  D
 0.618598271  3  0  3  D
 0.635539979  3  14  3  D
 0.675098820  3  13  3  D
 0.728696241  3  12  3  D
 0.750158317  3  11  3  D
 0.777257428  3  10  3  D
 0.810197531  3  9  3  D
 0.826425583  3  8  3  D
 0.862420289  3  7  3  D
 0.900572554  3  6  3  D
 0.942800052  3  5  3  D
 0.979156777  3  4  3  D
 0.993658433  3  3  3  D
 1.005470956  3  2  3  D
 1.051435069  3  1  3  D
 1.063992436  3  0  3  D
 1.110628620  3  14  3  D
 1.123472694  3  13  3  D
 1.166753598  3  12  3  D
 1.214775305  3  11  3  D
 1.235814835  3  10  3  D
 1.265120339  3  9  3  D
 1.280073746  3  8  3  D
 0.003457702  8  8  8  I
 0.034551155  8  8  9  I
 0.084453147  8  8  10  I
 0.107172820  8  8  11  I
 0.124101515  8  8  12  I
 0.148644368  8  8  13  I
 0.167260028  8  8  14  I
 0.178486225  8  8  0  I
 0.214743185  8  8  1  I
 0.231446869  8  8  2  I
 0.246050888  8  8  3  I
 0.261024523  8  8  4  I
 0.300448158  8  8  5  I
 0.332478278  8  8  6  I
 0.369541627  8  8  7  I
 0.396019537  8  8  8  I
 0.434184990  8  8  9  I
 0.476260316  8  8  10  I
 0.512562868  8  8  11  I
 0.535343792  8  8  12  I
 0.559272238  8  8  13  I
 0.590102488  8  8  14  I
 0.631479910  8  8  0  I
 0.652693056  8  8  1  I
 0.673394796  8  8  2  I
 0.718798092  8  8  3  I
 0.745292986  8  8  4  I
 0.756885127  8  8  5  I
 0.774870257  8  8  6  I
 0.821434474  8  8  7  I
 0.834657113  8  8  8  I
 0.873941899  8  8  9  I
 0.901461360  8  8  10  I
 0.921431754  8  8  11  I
 0.939384877  8  8  12  I
 0.953515564  8  8  13  I
 0.968689846  8  8  14  I
 0.993002402  8  8  0  I
 1.014512261  8  8  1  I
 1.048532912  8  8  2  I
 1.078565115  8  8  3  I
 1.108008837  8  8  4  I
 1.127209058  8  8  5  I
 1.142815336  8  8  6  I
 1.175626881  8  8  7  I
 1.219008467  8  8  8  I
 1.235439002  8  8  9  I
 1.273742667  8  8  10  I
 1.338514033  8  8  11  I
 1.367563937  8  8  12  I
 1.417009385  8  8  13  I
 1.461798096  8  8  14  I
 1.476784387  8  8  0  I
 0.003457693  4  4  4  E
 0.047272406  4  4  5  E
 0.059723195  4  4  6  E
 0.081093279  4  4  7  E
 0.107202935  4  4  8  E
 0.120327957  4  4  9  E
 0.141289497  4  4  10  E
 0.166841498  4  4  11  E
 0.191687256  4  4  12  E
 0.219706659  4  4  13  E
 0.253681159  4  4  14  E
 0.296855164  4  4  0  E
 0.343772652  4  4  1  E
 0.380784099  4  4  2  E
 0.418806594  4  4  3  E
 0.454777162  4  4  4  E
 0.494609783  4  4  5  E
 0.518604636  4  4  6  E
 0.537740390  4  4  7  E
 0.565409938  4  4  8  E
 0.580702148  4  4  9  E
 0.624719756  4  4  10  E
 0.636120025  4  4  11  E
 0.660559479  4  4  12  E
 0.692306338  4  4  13  E
 0.703231733  4  4  14  E
 0.745346759  4  4  0  E
 0.785813109  4  4  1  E
 0.826872911  4  4  2  E
 0.869148513  4  4  3  E
 0.908014572  4  4  4  E
 0.952017360  4  4  5  E
 0.989250656  4  4  6  E
 1.023222295  4  4  7  E
 1.067622032  4  4  8  E
 1.100027081  4  4  9  E
 1.128416582  4  4  10  E
 1.162203935  4  4  11  E
 1.179242936  4  4  12  E
 1.217609402  4  4  13  E
 1.251189231  4  4  14  E
 1.264658062  4  4  0  E
 1.314557549  4  4  1  E
 1.358129451  4  4  2  E
 1.397235331  4  4  3  E
 1.410001467  4  4  4  E
 1.451587493  4  4  5  E
 1.493079624  4  4  6  E
 1.523416016  4  4  7  E
 0.003444414  6  6  6  G
 0.032320988  6  6  7  G
 0.062098954  6  6  8  G
 0.073827574  6  6  9  G
 0.121734424  6  6  10  G
 0.161763629  6  6  11  G
 0.208267585  6  6  12  G
 0.248121221  6  6  13  G
 0.280964502  6  6  14  G
 0.310227037  6  6  0  G
 0.358546995  6  6  1  G
 0.393514154  6  6  2  G
 0.433953703  6  6  3  G
 0.464389545  6  6  4  G
 0.494710455  6  6  5  G
 0.522161713  6  6  6  G
 0.546466880  6  6  7  G
 0.561156968  6  6  8  G
 0.594639142  6  6  9  G
 0.608936804  6  6  10  G
 0.644860610  6  6  11  G
 0.675138898  6  6  12  G
 0.708736384  6  6  13  G
 0.731025619  6  6  14  G
 0.780065198  6  6  0  G
 1.558399346  6  6  0  g
 0.003456175  11  11  11  L
 0.020495108  11  12  11  L
 0.044133118  11  13  11  L
 0.069082992  11  14  11  L
 0.091820445  11  0  11  L
 0.133299633  11  1  11  L
 0.164179092  11  2  11  L
 0.174695123  11  3  11  L
 0.191764180  11  4  11  L
 0.231004260  11  5  11  L
 0.254376798  11  6  11  L
 0.290150389  11  7  11  L
 0.319550457  11  8  11  L
 0.345438330  11  9  11  L
 0.385290884  11  10  11  L
 0.424474299  11  11  11  L
 0.452692494  11  12  11  L
 0.476516704  11  13  11  L
 0.487600492  11  14  11  L
 0.535102691  11  0  11  L
 0.562750508  11  1  11  L
 0.579796201  11  2  11  L
 0.629104678  11  3  11  L
 0.660726011  11  4  11  L
 0.690599378  11  5  11  L
 0.732016174  11  6  11  L
 0.752213683  11  7  11  L
 0.800470604  11  8  11  L
 0.840709641  11  9  11  L
 0.852991029  11  10  11  L
 0.900449751  11  11  11  L
 0.937536551  11  12  11  L
 0.948811723  11  13  11  L
 0.995653469  11  14  11  L
 1.009979997  11  0  11  L
 1.036745930  11  1  11  L
 1.102439050  11  2  11  L
 1.150338357  11  3  11  L
 1.180466412  11  4  11  L
 1.215452255  11  5  11  L
 1.228410946  11  6  11  L
 1.268578977  11  7  11  L
 1.311591632  11  8  11  L
 1.338357576  11  9  11  L
 1.372794587  11  10  11  L
 1.397468548  11  11  11  L
 1.410305065  11  12  11  L
 1.432725112  11  13  11  L
 1.478198363  11  14  11  L
 1.494159057  11  0  11  L
 1.515411602  11  1  11  L
 1.551807851  11  2  11  L
 1.567824065  11  3  11  L
 1.596824799  11  4  11  L
 1.611700628  11  5  11  L
 1.638144054  11  6  11  L
 1.649537919  11  7  11  L
 1.692669863  11  8  11  L
 1.729253556  11  9  11  L
 1.742002018  11  10  11  L
 0.003461008  2  2  2  C
 0.028254080  2  2  1  C
 0.074260914  2  2  0  C
 0.099680859  2  2  14  C
 0.149136137  2  2  13  C
 0.168965029  2  2  12  C
 0.180254569  2  2  11  C
 0.208397176  2  2  10  C
 0.255736169  2  2  9  C
 0.293510213  2  2  8  C
 0.326214495  2  2  7  C
 0.374452624  2  2  6  C
 0.407529348  2  2  5  C
 0.442910317  2  2  4  C
 0.456717847  2  2  3  C
 0.500660858  2  2  2  C
 0.531613239  2  2  1  C
 0.554881760  2  2  0  C
 0.587440135  2  2  14  C
 0.631102718  2  2  13  C
 0.641788991  2  2  12  C
 0.667829516  2  2  11  C
 0.701270082  2  2  10  C
 0.721373789  2  2  9  C
 0.739302234  2  2  8  C
 0.771046433  2  2  7  C
 0.814512195  2  2  6  C
 0.838407245  2  2  5  C
 0.850224095  2  2  4  C
 0.883406837  2  2  3  C
 0.893649452  2  2  2  C
 0.930829189  2  2  1  C
 0.966434130  2  2  0  C
 0.980295599  2  2  14  C
 1.020424397  2  2  13  C
 1.035399835  2  2  12  C
 1.059816864  2  2  11  C
 1.102344308  2  2  10  C
 1.112969827  2  2  9  C
 1.123574545  2  2  8  C
 1.153682968  2  2  7  C
 1.196063890  2  2  6  C
 1.218928109  2  2  5  C
 1.256683737  2  2  4  C
 1.277758770  2  2  3  C
 1.322015952  2  2  2  C
 1.357485366  2  2  1  C
 1.391155376  2  2  0  C
 1.425845464  2  2  14  C
 1.442372965  2  2  13  C
 1.467145020  2  2  12  C
 1.500823253  2  2  11  C
 1.541223525  2  2  10  C
 1.591073756  2  2  9  C
 1.623130204  2  2  8  C
 1.650503779  2  2  7  C
 1.679066368  2  2  6  C
 1.695389189  2  2  5  C
 1.718731064  2  2  4  C
 1.766684820  2  2  3  C
 1.811372727  2  2  2  C
 1.824380857  2  2  1  C
 1.871129378  2  2  0  C
 0.003444418  5  5  5  F
 0.015500096  5  4  5  F
 0.040023525  5  3  5  F
 0.058161691  5  2  5  F
 0.073427161  5  1  5  F
 0.114637574  5  0  5  F
 0.158425392  5  14  5  F
 0.204136749  5  13  5  F
 0.231009749  5  12  5  F
 0.262338770  5  11  5  F
 0.284587368  5  10  5  F
 0.326448016  5  9  5  F
 0.339969878  5  8  5  F
 0.366809643  5  7  5  F
 0.411975129  5  6  5  F
 0.442211162  5  5  5  F
 0.461933805  5  4  5  F
 0.494579194  5  3  5  F
 0.539168968  5  2  5  F
 0.578537176  5  1  5  F
 0.614748814  5  0  5  F
 0.652013491  5  14  5  F
 0.688446489  5  13  5  F
 0.729170730  5  12  5  F
 0.771528897  5  11  5  F
 0.796108714  5  10  5  F
 0.829895279  5  9  5  F
 0.868550697  5  8  5  F
 0.882162053  5  7  5  F
 0.912142604  5  6  5  F
 0.957356052  5  5  5  F
 0.999339384  5  4  5  F
 1.009667631  5  3  5  F
 1.044398110  5  2  5  F
 1.076191038  5  1  5  F
 1.118002221  5  0  5  F
 1.157805438  5  14  5  F
 1.168404538  5  13  5  F
 1.189369814  5  12  5  F
 1.216831528  5  11  5  F
 1.252511337  5  10  5  F
 1.292003660  5  9  5  F
 1.322450555  5  8  5  F
 1.342091694  5  7  5  F
 1.367046010  5  6  5  F
 1.388945670  5  5  5  F
 1.399711418  5  4  5  F
 1.421173014  5  3  5  F
 1.436651086  5  2  5  F
 1.458613241  5  1  5  F
 1.475063684  5  0  5  F
 1.489064528  5  14  5  F
 1.518614245  5  13  5  F
 1.566518794  5  12  5  F
 1.611782955  5  11  5  F
 1.624157584  5  10  5  F
 1.661104301  5  9  5  F
 1.708465852  5  8  5  F
 1.753948242  5  7  5  F
 1.772253208  5  6  5  F
 1.805944313  5  5  5  F
 1.849931959  5  4  5  F
 1.891697544  5  3  5  F
 1.902883851  5  2  5  F
 1.921356175  5  1  5  F
 1.949254912  5  0  5  F
 1.994271150  5  14  5  F
 0.003445333  12  12  12  M
 0.048375917  12  12  13  M
 0.098105204  12  12  14  M
 0.139370657  12  12  0  M
 0.181113189  12  12  1  M
 0.203992865  12  12  2  M
 0.232000081  12  12  3  M
 0.244344411  12  12  4  M
 0.262410307  12  12  5  M
 0.292835616  12  12  6  M
 0.360441331  12  12  7  M
 0.407474898  12  12  8  M
 0.424039451  12  12  9  M
 0.448731636  12  12  10  M
 0.486629095  12  12  11  M
 0.527109775  12  12  12  M
 0.554487501  12  12  13  M
 0.597011392  12  12  14  M
 0.610128862  12  12  0  M
 0.629555290  12  12  1  M
 0.653249845  12  12  2  M
 0.684273171  12  12  3  M
 0.728588957  12  12  4  M
 0.771636190  12  12  5  M
 0.814556523  12  12  6  M
 0.864988400  12  12  7  M
 0.888995211  12  12  8  M
 0.909923814  12  12  9  M
 0.925012975  12  12  10  M
 0.957450241  12  12  11  M
 1.002923366  12  12  12  M
 1.036681432  12  12  13  M
 1.065006368  12  12  14  M
 1.079564031  12  12  0  M
 1.092472804  12  12  1  M
 1.127293487  12  12  2  M
 1.143769525  12  12  3  M
 1.166662097  12  12  4  M
 1.216910407  12  12  5  M
 1.257429037  12  12  6  M
 1.301608505  12  12  7  M
 1.333730534  12  12  8  M
 1.377912001  12  12  9  M
 1.397726551  12  12  10  M
 1.443292213  12  12  11  M
 1.491462899  12  12  12  M
 1.534007497  12  12  13  M
 1.570811129  12  12  14  M
 1.588644631  12  12  0  M
 1.605599079  12  12  1  M
 1.643202244  12  12  2  M
 1.684267200  12  12  3  M
 1.710340959  12  12  4  M
 1.740284643  12  12  5  M
 1.768086553  12  12  6  M
 1.812335141  12  12  7  M
 1.852418892  12  12  8  M
 1.882930463  12  12  9  M
 1.901669635  12  12  10  M
 1.948964932  12  12  11  M
 1.985013485  12  12  12  M
 1.995666849  12  12  13  M
 2.017491898  12  12  14  M
 2.052248008  12  12  0  M
 2.098979386  12  12  1  M
 2.120226230  12  12  2  M
 0.003432359  14  14  14  O
 0.024029591  14  14  13  O
 0.045674500  14  14  12  O
 0.091934897  14  14  11  O
 0.140182161  14  14  10  O
 0.172645285  14  14  9  O
 0.199424691  14  14  8  O
 0.232182456  14  14  7  O
 0.250948143  14  14  6  O
 0.287441624  14  14  5  O
 0.315451567  14  14  4  O
 0.337429192  14  14  3  O
 0.378886871  14  14  2  O
 0.425562803  14  14  1  O
 0.445286511  14  14  0  O
 0.473882478  14  14  14  O
 0.487215500  14  14  13  O
 0.503930573  14  14  12  O
 0.535224138  14  14  11  O
 0.579388951  14  14  10  O
 0.604977655  14  14  9  O
 0.640992910  14  14  8  O
 0.655128578  14  14  7  O
 0.687819707  14  14  6  O
 0.732237349  14  14  5  O
 0.778980565  14  14  4  O
 0.797094891  14  14  3  O
 0.815129024  14  14  2  O
 0.829000508  14  14  1  O
 0.862584774  14  14  0  O
 0.904964641  14  14  14  O
 0.941087033  14  14  13  O
 0.956029034  14  14  12  O
 0.966343979  14  14  11  O
 0.979014856  14  14  10  O
 1.000891881  14  14  9  O
 1.032085160  14  14  8  O
 1.076647132  14  14  7  O
 1.092337025  14  14  6  O
 1.135566696  14  14  5  O
 1.157036720  14  14  4  O
 1.168157579  14  14  3  O
 1.209960793  14  14  2  O
 1.226258063  14  14  1  O
 1.242299795  14  14  0  O
 1.272739833  14  14  14  O
 1.315524349  14  14  13  O
 1.352828312  14  14  12  O
 1.397885142  14  14  11  O
 1.433661076  14  14  10  O
 2.202300164  14  14  10  o
 0.003461004  10  10  10  K
 0.046162396  10  9  10  K
 0.067915874  10  8  10  K
 0.084421731  10  7  10  K
 0.098895006  10  6  10  K
 0.121656793  10  5  10  K
 0.166923690  10  4  10  K
 0.197081007  10  3  10  K
 0.255807481  10  2  10  K
 0.269553527  10  1  10  K
 0.296367902  10  0  10  K
 0.327516545  10  14  10  K
 0.375257690  10  13  10  K
 0.389566921  10  12  10  K
 0.400480137  10  11  10  K
 0.413124086  10  10  10  K
 0.426030688  10  9  10  K
 0.448084164  10  8  10  K
 0.476168712  10  7  10  K
 0.496464168  10  6  10  K
 0.518538767  10  5  10  K
 0.545245866  10  4  10  K
 0.561535054  10  3  10  K
 0.572876577  10  2  10  K
 0.587819268  10  1  10  K
 0.622236826  10  0  10  K
 0.635105861  10  14  10  K
 0.660117943  10  13  10  K
 0.684290031  10  12  10  K
 0.725027981  10  11  10  K
 0.755251957  10  10  10  K
 0.800213847  10  9  10  K
 0.828300890  10  8  10  K
 0.877278315  10  7  10  K
 0.891029143  10  6  10  K
 0.909684320  10  5  10  K
 0.944157927  10  4  10  K
 0.971471871  10  3  10  K
 1.020861142  10  2  10  K
 1.041485232  10  1  10  K
 1.062240744  10  0  10  K
 1.101048873  10  14  10  K
 1.124594070  10  13  10  K
 1.165959446  10  12  10  K
 1.198845716  10  11  10  K
 1.224362739  10  10  10  K
 1.270707950  10  9  10  K
 1.338609108  10  8  10  K
 1.356588107  10  7  10  K
 1.396208408  10  6  10  K
 1.443651300  10  5  10  K
 1.493028081  10  4  10  K
 1.534919836  10  3  10  K
 1.591120651  10  2  10  K
 1.603596937  10  1  10  K
 1.622421628  10  0  10  K
 2.404128661  10  0  10  k
