-1  15  15  15
 ??????????????  4
 0.003755735  13  13  13  N
 0.045873215  13  14  13  N
 0.088999612  13  0  13  N
 0.121999905  13  1  13  N
 0.151201209  13  2  13  N
 0.164952135  13  3  13  N
 0.191684644  13  4  13  N
 0.234048991  13  5  13  N
 0.257831158  13  6  13  N
 0.301264030  13  7  13  N
 0.330570350  13  8  13  N
 0.363593563  13  9  13  N
 0.003799047  3  3  3  D
 0.033304264  3  4  3  D
 0.078280002  3  5  3  D
 0.115959847  3  6  3  D
 0.158794060  3  7  3  D
 0.184653755  3  8  3  D
 0.206028818  3  9  3  D
 0.230967021  3  10  3  D
 0.254028592  3  11  3  D
 0.290535456  3  12  3  D
 0.318560056  3  13  3  D
 0.363580326  3  14  3  D
 0.404522016  3  0  3  D
 0.450836342  3  1  3  D
 0.004245088  7  7  7  H
 0.045808800  7  6  7  H
 0.064030123  7  5  7  H
 0.094347860  7  4  7  H
 0.122074807  7  3  7  H
 0.166846973  7  2  7  H
 0.191310234  7  1  7  H
 0.221966702  7  0  7  H
 0.261267339  7  14  7  H
 0.283073985  7  13  7  H
 0.320136373  7  12  7  H
 0.352372148  7  11  7  H
 0.386283573  7  10  7  H
 0.401770044  7  9  7  H
 0.445086205  7  8  7  H
 0.481350000  7  7  7  H
 0.513497509  7  6  7  H
 0.549079397  7  5  7  H
 0.567796245  7  4  7  H
 0.003765285  6  6  6  G
 0.032389243  6  6  7  G
 0.045726212  6  6  8  G
 0.059025191  6  6  9  G
 0.085730686  6  6  10  G
 0.111614993  6  6  11  G
 0.141545943  6  6  12  G
 0.155510653  6  6  13  G
 0.202962278  6  6  14  G
 0.228454979  6  6  0  G
 0.242871199  6  6  1  G
 0.260670520  6  6  2  G
 0.276255719  6  6  3  G
 0.317134625  6  6  4  G
 0.327498000  6  6  5  G
 0.347744854  6  6  6  G
 0.368387377  6  6  7  G
 0.392759033  6  6  8  G
 0.441794307  6  6  9  G
 0.460872299  6  6  10  G
 0.491526390  6  6  11  G
 0.535648990  6  6  12  G
 0.582549422  6  6  13  G
 0.624362421  6  6  14  G
 0.665015281  6  6  0  G
 0.711293474  6  6  1  G
 0.003789914  9  9  9  J
 0.784660518  9  9  9  j
 0.003796121  1  1  1  B
 0.031020348  1  2  1  B
 0.073609116  1  3  1  B
 0.115647375  1  4  1  B
 0.137104372  1  5  1  B
 0.172881571  1  6  1  B
 0.206894811  1  7  1  B
 0.251209526  1  8  1  B
 0.288240009  1  9  1  B
 0.315025517  1  10  1  B
 0.364439161  1  11  1  B
 0.409615794  1  12  1  B
 0.458262372  1  13  1  B
 0.493315745  1  14  1  B
 0.526147149  1  0  1  B
 0.543496390  1  1  1  B
 0.563476625  1  2  1  B
 0.607660747  1  3  1  B
 0.648460498  1  4  1  B
 0.696967986  1  5  1  B
 1.471051014  1  5  1  b
 0.003773895  14  14  14  O
 0.028032615  14  14  0  O
 0.054949612  14  14  1  O
 0.101690830  14  14  2  O
 0.119329281  14  14  3  O
 0.151031669  14  14  4  O
 0.169438846  14  14  5  O
 0.209998854  14  14  6  O
 0.226130916  14  14  7  O
 0.244537550  14  14  8  O
 0.262914557  14  14  9  O
 0.276693238  14  14  10  O
 0.290065930  14  14  11  O
 0.324647759  14  14  12  O
 0.346004502  14  14  13  O
 0.356629409  14  14  14  O
 0.403186956  14  14  0  O
 0.445990647  14  14  1  O
 0.480966521  14  14  2  O
 0.522229571  14  14  3  O
 0.561899940  14  14  4  O
 0.575741052  14  14  5  O
 0.607520664  14  14  6  O
 0.625069108  14  14  7  O
 0.635356894  14  14  8  O
 0.659977608  14  14  9  O
 0.673500340  14  14  10  O
 0.700810870  14  14  11  O
 0.749897362  14  14  12  O
 0.790502672  14  14  13  O
 0.802379017  14  14  14  O
 0.847094593  14  14  0  O
 0.862843318  14  14  1  O
 0.873881187  14  14  2  O
 0.901327432  14  14  3  O
 0.934398164  14  14  4  O
 0.982306989  14  14  5  O
 1.017207241  14  14  6  O
 1.028124533  14  14  7  O
 1.069890532  14  14  8  O
 1.098256346  14  14  9  O
 1.111354969  14  14  10  O
 1.160870690  14  14  11  O
 1.205124803  14  14  12  O
 1.246990235  14  14  13  O
 1.268654711  14  14  14  O
 1.315128535  14  14  0  O
 1.333159914  14  14  1  O
 1.366396500  14  14  2  O
 1.376977400  14  14  3  O
 1.388782791  14  14  4  O
 1.431085398  14  14  5  O
 1.467826489  14  14  6  O
 1.510113073  14  14  7  O
 1.525217256  14  14  8  O
 1.555737968  14  14  9  O
 0.003752800  8  8  8  I
 0.038652557  8  8  9  I
 0.066699735  8  8  10  I
 0.085717944  8  8  11  I
 0.133264251  8  8  12  I
 0.176242093  8  8  13  I
 0.213943447  8  8  14  I
 0.246708613  8  8  0  I
 0.288325977  8  8  1  I
 0.315067837  8  8  2  I
 0.347351203  8  8  3  I
 0.358148542  8  8  4  I
 0.394695168  8  8  5  I
 0.423913162  8  8  6  I
 0.481506969  8  8  7  I
 0.493790890  8  8  8  I
 0.536854703  8  8  9  I
 0.577863171  8  8  10  I
 0.597826132  8  8  11  I
 0.617084076  8  8  12  I
 0.642889638  8  8  13  I
 0.655085984  8  8  14  I
 0.675888109  8  8  0  I
 0.690429494  8  8  1  I
 0.731356372  8  8  2  I
 0.781092102  8  8  3  I
 0.816408838  8  8  4  I
 0.831218287  8  8  5  I
 0.878973471  8  8  6  I
 0.900868906  8  8  7  I
 0.927767543  8  8  8  I
 0.960137206  8  8  9  I
 1.001101536  8  8  10  I
 1.033256166  8  8  11  I
 1.071169063  8  8  12  I
 1.106695257  8  8  13  I
 1.131195921  8  8  14  I
 1.143747308  8  8  0  I
 1.189042085  8  8  1  I
 1.204136584  8  8  2  I
 1.237546667  8  8  3  I
 1.262460286  8  8  4  I
 1.275319554  8  8  5  I
 1.319835224  8  8  6  I
 1.341568572  8  8  7  I
 1.371504996  8  8  8  I
 1.383740751  8  8  9  I
 1.395206622  8  8  10  I
 1.421229113  8  8  11  I
 1.453863968  8  8  12  I
 1.493910267  8  8  13  I
 1.516267077  8  8  14  I
 1.536494390  8  8  0  I
 1.582994267  8  8  1  I
 1.611264561  8  8  2  I
 1.653441278  8  8  3  I
 0.003729264  4  4  4  E
 0.038652563  4  4  5  E
 0.051440760  4  4  6  E
 0.071564583  4  4  7  E
 0.094223744  4  4  8  E
 0.113652356  4  4  9  E
 0.157961710  4  4  10  E
 0.207513525  4  4  11  E
 0.226007817  4  4  12  E
 0.241304120  4  4  13  E
 0.272816759  4  4  14  E
 0.311255472  4  4  0  E
 0.342139091  4  4  1  E
 0.371768223  4  4  2  E
 0.410158875  4  4  3  E
 0.458733762  4  4  4  E
 0.471489481  4  4  5  E
 0.502215043  4  4  6  E
 0.519953878  4  4  7  E
 0.535953196  4  4  8  E
 0.581258774  4  4  9  E
 0.591510590  4  4  10  E
 0.621157446  4  4  11  E
 0.664448991  4  4  12  E
 0.684760373  4  4  13  E
 0.730211828  4  4  14  E
 0.757635285  4  4  0  E
 0.777625480  4  4  1  E
 0.818614281  4  4  2  E
 0.834490365  4  4  3  E
 0.874876381  4  4  4  E
 0.904707721  4  4  5  E
 0.928339202  4  4  6  E
 1.726423136  4  4  6  e
 0.003723156  2  2  2  C
 0.025048371  2  2  3  C
 0.052278677  2  2  4  C
 0.065118821  2  2  5  C
 0.111334041  2  2  6  C
 0.126794699  2  2  7  C
 0.137457198  2  2  8  C
 0.174289960  2  2  9  C
 0.214675669  2  2  10  C
 0.241364916  2  2  11  C
 0.268882750  2  2  12  C
 0.309840566  2  2  13  C
 0.350226300  2  2  14  C
 0.381712743  2  2  0  C
 0.406066285  2  2  1  C
 0.448779969  2  2  2  C
 0.461388625  2  2  3  C
 0.476616248  2  2  4  C
 0.490051007  2  2  5  C
 0.536081939  2  2  6  C
 0.560608753  2  2  7  C
 0.609670789  2  2  8  C
 0.621179084  2  2  9  C
 0.668634575  2  2  10  C
 0.707358013  2  2  11  C
 0.718194543  2  2  12  C
 0.746186966  2  2  13  C
 0.759089243  2  2  14  C
 0.776786014  2  2  0  C
 0.804201365  2  2  1  C
 0.849434400  2  2  2  C
 0.878895287  2  2  3  C
 0.898741368  2  2  4  C
 0.918811238  2  2  5  C
 0.954308106  2  2  6  C
 0.981310886  2  2  7  C
 1.030007900  2  2  8  C
 1.053730080  2  2  9  C
 1.073912209  2  2  10  C
 1.092308687  2  2  11  C
 1.115192128  2  2  12  C
 1.156200200  2  2  13  C
 1.167445594  2  2  14  C
 1.205504641  2  2  0  C
 1.239073186  2  2  1  C
 1.286626835  2  2  2  C
 1.333706768  2  2  3  C
 1.344281878  2  2  4  C
 1.385620144  2  2  5  C
 1.420054821  2  2  6  C
 1.433889618  2  2  7  C
 1.469328914  2  2  8  C
 1.506143662  2  2  9  C
 1.531782338  2  2  10  C
 1.563603815  2  2  11  C
 1.600569783  2  2  12  C
 1.647167663  2  2  13  C
 1.692794904  2  2  14  C
 1.728660346  2  2  0  C
 1.759310239  2  2  1  C
 1.776026417  2  2  2  C
 1.821523544  2  2  3  C
 1.850761065  2  2  4  C
 1.898078439  2  2  5  C
 1.910002924  2  2  6  C
 1.934522540  2  2  7  C
 1.972794354  2  2  8  C
 1.997147872  2  2  9  C
 0.003796672  5  5  5  F
 0.016962306  5  6  5  F
 0.038760924  5  7  5  F
 0.078365759  5  8  5  F
 0.098205794  5  9  5  F
 0.121306486  5  10  5  F
 0.170539095  5  11  5  F
 0.212031773  5  12  5  F
 0.245865406  5  13  5  F
 0.285326348  5  14  5  F
 0.312736527  5  0  5  F
 0.349686804  5  1  5  F
 0.364875137  5  2  5  F
 0.402914729  5  3  5  F
 0.439552799  5  4  5  F
 0.471405593  5  5  5  F
 0.512912585  5  6  5  F
 0.544941970  5  7  5  F
 0.579020863  5  8  5  F
 0.622313282  5  9  5  F
 0.660213298  5  10  5  F
 0.679918851  5  11  5  F
 0.702553072  5  12  5  F
 0.714814362  5  13  5  F
 0.744671418  5  14  5  F
 0.789756882  5  0  5  F
 0.826157058  5  1  5  F
 0.866624335  5  2  5  F
 0.907183602  5  3  5  F
 0.948679832  5  4  5  F
 0.968120589  5  5  5  F
 0.993669715  5  6  5  F
 1.016253933  5  7  5  F
 1.039273202  5  8  5  F
 1.072661566  5  9  5  F
 1.106104683  5  10  5  F
 1.135023187  5  11  5  F
 1.155538241  5  12  5  F
 1.181556736  5  13  5  F
 1.222586592  5  14  5  F
 1.267912332  5  0  5  F
 1.310356883  5  1  5  F
 1.355205270  5  2  5  F
 1.385515314  5  3  5  F
 1.418022958  5  4  5  F
 1.438284706  5  5  5  F
 1.467786524  5  6  5  F
 1.499675476  5  7  5  F
 1.521368556  5  8  5  F
 1.567162189  5  9  5  F
 1.586975627  5  10  5  F
 1.625300089  5  11  5  F
 1.671805769  5  12  5  F
 1.695743681  5  13  5  F
 1.729968582  5  14  5  F
 1.779911161  5  0  5  F
 1.824519474  5  1  5  F
 1.836749701  5  2  5  F
 1.866005276  5  3  5  F
 1.915095108  5  4  5  F
 1.962315417  5  5  5  F
 2.000725040  5  6  5  F
 2.015579073  5  7  5  F
 2.038164268  5  8  5  F
 2.080153202  5  9  5  F
 2.104202212  5  10  5  F
 2.135167321  5  11  5  F
 2.163685448  5  12  5  F
 2.189608466  5  13  5  F
 2.206051745  5  14  5  F
 2.216686442  5  0  5  F
 2.244753443  5  1  5  F
 0.003799036  11  11  11  L
 0.045376988  11  10  11  L
 0.058732332  11  9  11  L
 0.133353664  11  8  11  L
 0.164437851  11  7  11  L
 0.199357775  11  6  11  L
 0.232421852  11  5  11  L
 0.246782015  11  4  11  L
 0.273640634  11  3  11  L
 0.287174073  11  2  11  L
 0.327582750  11  1  11  L
 0.365487844  11  0  11  L
 0.411359886  11  14  11  L
 0.453014718  11  13  11  L
 0.486490604  11  12  11  L
 0.531364955  11  11  11  L
 0.558048634  11  10  11  L
 0.599939389  11  9  11  L
 0.646682336  11  8  11  L
 0.678951430  11  7  11  L
 0.715715720  11  6  11  L
 0.756540041  11  5  11  L
 0.770919681  11  4  11  L
 0.784558941  11  3  11  L
 0.808368123  11  2  11  L
 0.821668363  11  1  11  L
 0.851480116  11  0  11  L
 0.864757904  11  14  11  L
 0.904817089  11  13  11  L
 0.943299761  11  12  11  L
 0.991173527  11  11  11  L
 1.034887096  11  10  11  L
 1.050316826  11  9  11  L
 1.083993780  11  8  11  L
 1.125816865  11  7  11  L
 1.175826742  11  6  11  L
 1.219361515  11  5  11  L
 1.264110373  11  4  11  L
 1.276899597  11  3  11  L
 1.307573485  11  2  11  L
 1.328618508  11  1  11  L
 1.370137221  11  0  11  L
 1.409757835  11  14  11  L
 1.459310591  11  13  11  L
 1.496730179  11  12  11  L
 1.519380916  11  11  11  L
 1.551004914  11  10  11  L
 1.563702546  11  9  11  L
 1.580468944  11  8  11  L
 1.611046751  11  7  11  L
 1.621354533  11  6  11  L
 1.641362788  11  5  11  L
 1.667832297  11  4  11  L
 1.678822825  11  3  11  L
 1.723574070  11  2  11  L
 1.757804468  11  1  11  L
 1.770981123  11  0  11  L
 1.798356773  11  14  11  L
 1.820955838  11  13  11  L
 1.867470068  11  12  11  L
 1.917498455  11  11  11  L
 1.955087962  11  10  11  L
 1.995345471  11  9  11  L
 2.031307739  11  8  11  L
 2.066444111  11  7  11  L
 2.112901591  11  6  11  L
 2.144164280  11  5  11  L
 2.154604563  11  4  11  L
 2.181209594  11  3  11  L
 2.214838458  11  2  11  L
 2.236964290  11  1  11  L
 2.260499911  11  0  11  L
 2.278838595  11  14  11  L
 2.296293825  11  13  11  L
 2.315797925  11  12  11  L
 2.365622922  11  11  11  L
 2.384540355  11  10  11  L
 0.003796665  12  12  12  M
 0.043841880  12  12  13  M
 0.069228252  12  12  14  M
 0.082493343  12  12  0  M
 0.125038108  12  12  1  M
 0.152036015  12  12  2  M
 0.178558528  12  12  3  M
 0.214933263  12  12  4  M
 0.245900248  12  12  5  M
 0.258504872  12  12  6  M
 0.281802567  12  12  7  M
 0.320040829  12  12  8  M
 0.356390863  12  12  9  M
 0.366903032  12  12  10  M
 0.413884433  12  12  11  M
 0.444124291  12  12  12  M
 0.486876590  12  12  13  M
 0.519864968  12  12  14  M
 0.566659963  12  12  0  M
 0.587016991  12  12  1  M
 0.631966609  12  12  2  M
 0.680721651  12  12  3  M
 0.727905379  12  12  4  M
 0.760891685  12  12  5  M
 0.793886760  12  12  6  M
 0.809146890  12  12  7  M
 0.837314449  12  12  8  M
 0.862499470  12  12  9  M
 0.910345112  12  12  10  M
 0.930278699  12  12  11  M
 0.943203752  12  12  12  M
 0.954961465  12  12  13  M
 0.982819022  12  12  14  M
 1.011617999  12  12  0  M
 1.027801553  12  12  1  M
 1.061846146  12  12  2  M
 1.111238189  12  12  3  M
 1.141534565  12  12  4  M
 1.181649430  12  12  5  M
 1.199671920  12  12  6  M
 1.213260775  12  12  7  M
 1.245231847  12  12  8  M
 1.277715296  12  12  9  M
 1.299440732  12  12  10  M
 1.322584024  12  12  11  M
 1.343293782  12  12  12  M
 1.358644663  12  12  13  M
 1.407428979  12  12  14  M
 1.434446199  12  12  0  M
 1.481095941  12  12  1  M
 1.502470664  12  12  2  M
 1.547763811  12  12  3  M
 1.594942481  12  12  4  M
 1.622696685  12  12  5  M
 1.665234438  12  12  6  M
 1.680949377  12  12  7  M
 1.705992239  12  12  8  M
 1.746853119  12  12  9  M
 1.760833273  12  12  10  M
 1.773403907  12  12  11  M
 1.806700936  12  12  12  M
 1.851851048  12  12  13  M
 1.871861533  12  12  14  M
 1.914515803  12  12  0  M
 1.944947084  12  12  1  M
 1.968964444  12  12  2  M
 1.999971511  12  12  3  M
 2.031240601  12  12  4  M
 2.059374667  12  12  5  M
 2.078327663  12  12  6  M
 2.096607185  12  12  7  M
 2.132128475  12  12  8  M
 2.175390056  12  12  9  M
 2.208835371  12  12  10  M
 2.227233444  12  12  11  M
 2.248836190  12  12  12  M
 2.277384725  12  12  13  M
 2.293678559  12  12  14  M
 2.341248392  12  12  0  M
 2.389522837  12  12  1  M
 2.416903172  12  12  2  M
 2.466496311  12  12  3  M
 2.505900172  12  12  4  M
 2.545217375  12  12  5  M
 2.590964579  12  12  6  M
 2.639754958  12  12  7  M
 2.677850875  12  12  8  M
 0.003765279  0  0  0  A
 0.044156528  0  0  1  A
 0.088424135  0  0  2  A
 0.106829512  0  0  3  A
 0.140052032  0  0  4  A
 0.173494394  0  0  5  A
 0.218402534  0  0  6  A
 0.261385392  0  0  7  A
 0.287083645  0  0  8  A
 0.330513997  0  0  9  A
 0.342100245  0  0  10  A
 0.352386461  0  0  11  A
 0.365449175  0  0  12  A
 0.392201595  0  0  13  A
 0.410336767  0  0  14  A
 0.437638381  0  0  0  A
 0.473111513  0  0  1  A
 0.501236582  0  0  2  A
 0.535910472  0  0  3  A
 0.579063170  0  0  4  A
 0.592528280  0  0  5  A
 0.636167963  0  0  6  A
 0.650240304  0  0  7  A
 0.664966214  0  0  8  A
 0.686104712  0  0  9  A
 0.733104444  0  0  10  A
 0.768100650  0  0  11  A
 0.809959945  0  0  12  A
 0.840667027  0  0  13  A
 0.876047697  0  0  14  A
 0.915156110  0  0  0  A
 0.960821283  0  0  1  A
 1.001101666  0  0  2  A
 1.032341075  0  0  3  A
 1.050268941  0  0  4  A
 1.091604096  0  0  5  A
 1.117961177  0  0  6  A
 1.164220628  0  0  7  A
 1.203747082  0  0  8  A
 1.220823864  0  0  9  A
 1.258170950  0  0  10  A
 1.298466101  0  0  11  A
 1.343392106  0  0  12  A
 1.365082808  0  0  13  A
 1.381205717  0  0  14  A
 1.392063303  0  0  0  A
 1.428700588  0  0  1  A
 1.464440023  0  0  2  A
 1.506584092  0  0  3  A
 1.538229252  0  0  4  A
 1.584127100  0  0  5  A
 1.626723102  0  0  6  A
 1.654174688  0  0  7  A
 1.696193201  0  0  8  A
 1.727978129  0  0  9  A
 1.767328348  0  0  10  A
 1.805296917  0  0  11  A
 1.828700729  0  0  12  A
 1.871430038  0  0  13  A
 1.900843494  0  0  14  A
 1.928860749  0  0  0  A
 1.946694213  0  0  1  A
 1.976744692  0  0  2  A
 1.996694970  0  0  3  A
 2.046690952  0  0  4  A
 2.090001616  0  0  5  A
 2.108495577  0  0  6  A
 2.156676988  0  0  7  A
 2.206554150  0  0  8  A
 2.232202100  0  0  9  A
 2.258505715  0  0  10  A
 2.292409048  0  0  11  A
 2.308633332  0  0  12  A
 2.332720304  0  0  13  A
 2.369469170  0  0  14  A
 2.392611886  0  0  0  A
 2.432957806  0  0  1  A
 2.473254323  0  0  2  A
 2.512972653  0  0  3  A
 2.526472094  0  0  4  A
 2.576148735  0  0  5  A
 2.601882671  0  0  6  A
 2.628395374  0  0  7  A
 2.656312378  0  0  8  A
 2.669102209  0  0  9  A
 2.689280332  0  0  10  A
 2.700388873  0  0  11  A
 2.726214721  0  0  12  A
 2.737208106  0  0  13  A
 2.753839994  0  0  14  A
 2.783253176  0  0  0  A
 2.801396098  0  0  1  A
 2.826558492  0  0  2  A
 2.859494017  0  0  3  A
 2.878511883  0  0  4  A
 2.927819280  0  0  5  A
 2.949677716  0  0  6  A
 0.003796125  10  10  10  K
 0.020239173  10  10  11  K
 0.045279707  10  10  12  K
 0.079981049  10  10  13  K
 0.123039381  10  10  14  K
 0.159375860  10  10  0  K
 0.192837557  10  10  1  K
 0.242195401  10  10  2  K
 0.255742248  10  10  3  K
 0.302788327  10  10  4  K
 0.337091105  10  10  5  K
 0.375297839  10  10  6  K
 0.401864157  10  10  7  K
 0.418517910  10  10  8  K
 0.464843610  10  10  9  K
 0.483710626  10  10  10  K
 0.520104128  10  10  11  K
 0.551272009  10  10  12  K
 0.563006935  10  10  13  K
 0.587370774  10  10  14  K
 0.626637152  10  10  0  K
 0.653555066  10  10  1  K
 0.676523657  10  10  2  K
 0.701346037  10  10  3  K
 0.728274355  10  10  4  K
 0.743878193  10  10  5  K
 0.787476499  10  10  6  K
 0.834500630  10  10  7  K
 0.883889822  10  10  8  K
 0.905363479  10  10  9  K
 0.945844403  10  10  10  K
 0.991229551  10  10  11  K
 1.024330685  10  10  12  K
 1.055580207  10  10  13  K
 1.066356575  10  10  14  K
 1.102708287  10  10  0  K
 1.117685099  10  10  1  K
 1.133572584  10  10  2  K
 1.155666259  10  10  3  K
 1.203014164  10  10  4  K
 1.246756490  10  10  5  K
 1.267479049  10  10  6  K
 1.310313323  10  10  7  K
 1.327294571  10  10  8  K
 1.350448029  10  10  9  K
 1.368231170  10  10  10  K
 1.410394812  10  10  11  K
 1.440598447  10  10  12  K
 1.489635721  10  10  13  K
 1.537352828  10  10  14  K
 1.574213448  10  10  0  K
 1.598321533  10  10  1  K
 1.631084011  10  10  2  K
 1.672304496  10  10  3  K
 1.694613459  10  10  4  K
 1.744530922  10  10  5  K
 1.790993226  10  10  6  K
 1.835663596  10  10  7  K
 1.871744009  10  10  8  K
 1.912757316  10  10  9  K
 1.957377135  10  10  10  K
 1.995441596  10  10  11  K
 2.006825738  10  10  12  K
 2.044646709  10  10  13  K
 2.065674777  10  10  14  K
 2.077137544  10  10  0  K
 2.088655880  10  10  1  K
 2.138247967  10  10  2  K
 2.185499032  10  10  3  K
 2.213230795  10  10  4  K
 2.230949482  10  10  5  K
 2.256517147  10  10  6  K
 2.270651158  10  10  7  K
 2.286969586  10  10  8  K
 2.330054957  10  10  9  K
 2.353173640  10  10  10  K
 3.135448199  10  10  10  k
