-1  35  10  10
 0.003239071  12  10  10 C
 0.005346221  23  0  3 N
 0.046148067  23  10  10 N
 0.003598063  14  4  5 E
 0.103355767  14  10  10 E
 0.004600211  19  1  1 J
 0.027523114  19  1  0 J
 0.043719015  19  1  1 J
 0.069366010  19  1  0 J
 0.109537356  19  10  10 J
 0.004383829  18  1  8 I
 0.039386836  18  0  8 I
 0.081033119  18  9  8 I
 0.126430090  18  10  10 I
 0.004962771  21  9  2 L
 0.146292510  21  10  10 L
 0.004105154  16  0  7 G
 0.081060090  16  0  8 G
 0.121179361  16  0  9 G
 0.209578830  16  10  10 G
 0.019949775  32  1  2 7
 0.220197144  32  10  10 7
 0.003831481  15  7  1 F
 0.044566900  15  8  1 F
 0.087552869  15  8  2 F
 0.146406344  15  9  2 F
 0.246390327  15  10  10 F
 0.004258191  17  7  8 H
 0.034970486  17  7  9 H
 0.058481835  17  8  9 H
 0.094686553  17  8  0 H
 0.122014156  17  9  0 H
 0.309727652  17  10  10 H
 0.022442757  30  5  5 5
 0.322817946  30  10  10 5
 0.003369755  13  9  0 D
 0.030107919  13  8  0 D
 0.065628015  13  7  0 D
 0.104210533  13  7  1 D
 0.121614502  13  6  1 D
 0.133725191  13  6  0 D
 0.170039858  13  7  0 D
 0.201529037  13  6  0 D
 0.224957070  13  6  1 D
 0.242940849  13  7  1 D
 0.264126273  13  6  1 D
 0.311020838  13  6  2 D
 0.332196762  13  10  10 D
 0.004823800  20  3  3 K
 0.024580995  20  2  3 K
 0.077644202  20  1  3 K
 0.104209770  20  0  3 K
 0.429077323  20  0  3 k
 0.002786987  10  1  4 A
 0.036580041  10  1  3 A
 0.077536775  10  1  4 A
 0.123435010  10  1  3 A
 0.470674941  10  1  3 a
 0.010306730  31  8  1 6
 0.044553692  31  8  2 6
 0.087480463  31  8  3 6
 0.543431967  31  8  2 6
 0.543442447  31  10  10 6
 0.005098770  22  7  7 M
 0.035029173  22  7  8 M
 0.080667375  22  7  7 M
 0.091570449  22  7  8 M
 0.128921092  22  7  7 M
 0.143333657  22  8  7 M
 0.154760535  22  8  6 M
 0.182342944  22  8  5 M
 0.231408336  22  8  6 M
 0.252155175  22  9  6 M
 0.286778308  22  9  5 M
 0.317434988  22  0  5 M
 0.336381795  22  9  5 M
 0.362345191  22  8  5 M
 0.401636543  22  7  5 M
 0.421516662  22  7  6 M
 0.465960053  22  8  6 M
 0.500586699  22  8  5 M
 0.532413683  22  8  4 M
 0.543450264  22  8  3 M
 0.566565574  22  8  2 M
 0.577551951  22  8  3 M
 0.625928704  22  10  10 M
 0.027320166  27  0  2 2
 0.627851334  27  10  10 2
 0.013838301  25  5  0 0
 0.552260916  25  5  9 0
 0.717852739  25  10  10 0
 0.003048272  11  2  1 B
 0.051663398  11  3  1 B
 0.065238760  11  2  1 B
 0.105192021  11  1  1 B
 0.134042354  11  2  1 B
 0.156027147  11  2  0 B
 0.166585393  11  3  0 B
 0.182176729  11  3  1 B
 0.213036140  11  2  1 B
 0.239852881  11  3  1 B
 0.283314699  11  2  1 B
 0.325271425  11  3  1 B
 0.346314055  11  2  1 B
 0.395110380  11  2  2 B
 0.439334015  11  2  1 B
 0.483864800  11  3  1 B
 0.507098487  11  4  1 B
 0.538681353  11  4  0 B
 0.552278922  11  5  0 B
 0.567895949  11  4  0 B
 0.598342732  11  3  0 B
 0.627503809  11  3  9 B
 0.672486648  11  3  8 B
 0.684330115  11  3  9 B
 0.699630357  11  4  9 B
 0.718010574  11  5  9 B
 0.730958178  11  4  9 B
 0.768295851  11  5  9 B
 0.790227444  11  5  0 B
 0.815796621  11  5  1 B
 0.858464354  11  6  1 B
 0.880634276  11  6  0 B
 0.896622435  11  6  1 B
 0.945953636  11  6  0 B
 0.027321292  29  3  8 4
 0.672471056  29  2  8 4
 0.896465639  29  2  7 4
 0.937100718  29  2  6 4
 0.954292145  29  10  10 4
 0.045865896  26  7  3 1
 1.047211277  26  10  10 1
 0.005542237  24  3  2 O
 0.049459022  24  3  3 O
 0.068221149  24  3  2 O
 0.091345281  24  4  2 O
 0.112460124  24  3  2 O
 0.137969657  24  4  2 O
 0.182155070  24  4  1 O
 0.198651487  24  4  2 O
 0.246768317  24  4  1 O
 0.287544185  24  4  0 O
 0.331863819  24  4  9 O
 0.381614438  24  4  0 O
 0.425944662  24  4  9 O
 0.443701044  24  5  9 O
 0.465306375  24  4  9 O
 0.485654457  24  4  8 O
 0.516223817  24  4  7 O
 0.536936989  24  5  7 O
 0.569038900  24  4  7 O
 0.590582460  24  4  6 O
 0.622546953  24  4  7 O
 0.638106217  24  3  7 O
 0.684413619  24  3  8 O
 0.699442549  24  4  8 O
 0.744896563  24  4  7 O
 0.794721384  24  4  8 O
 0.824267350  24  3  8 O
 0.838524766  24  3  9 O
 0.873209065  24  3  8 O
 0.896471019  24  2  8 O
 0.937150515  24  2  7 O
 0.954463860  24  2  6 O
 0.970480920  24  1  6 O
 0.998811662  24  1  7 O
 1.023396110  24  0  7 O
 1.052396310  24  10  10 O
 0.015669215  28  1  7 3
 0.998744694  28  1  8 3
 2.500133974  28  10  10 3
 0.031032540  34  8  5 9
 0.182246716  34  8  4 9
 0.532316977  34  7  4 9
 3.936434983  34  10  10 9
 0.034768805  33  7  0 8
 0.065545489  33  7  9 8
 4.471748590  33  10  10 8
 0.000846100  1  2  4 #
 0.002095420  7  6  3 #
 0.002315244  8  0  6 #
 0.001822997  6  3  5 #
 0.003230842  6  3  5 c
 0.103323510  6  3  5 #
 0.103330387  6  3  5 e
 0.203418204  6  3  5 #
 0.000633033  0  0  0 #
 0.109441725  0  0  0 j
 0.209531838  0  0  0 #
 0.209540727  0  0  0 g
 0.309634429  0  0  0 #
 0.309642982  0  0  0 h
 0.409734257  0  0  0 #
 0.001533912  4  5  8 #
 0.717935325  4  5  8 *
 0.818091273  4  5  8 #
 0.001303162  3  9  3 #
 0.046094663  3  9  3 n
 0.146191782  3  9  3 #
 0.146196542  3  9  3 l
 0.246299433  3  9  3 #
 0.246307416  3  9  3 f
 0.346399013  3  9  3 #
 0.625851088  3  9  3 m
 0.726017496  3  9  3 #
 0.001698150  5  5  2 #
 0.332099156  5  5  2 d
 0.432274781  5  5  2 #
 0.001084875  2  9  7 #
 0.126420321  2  9  7 i
 0.226525648  2  9  7 #
 1.052346590  2  9  7 o
 1.152483394  2  9  7 #
 0.002534770  9  2  5 #
 0.954349911  9  2  5 *
 1.054425249  9  2  5 #
