10000 917091 704035 238421 30
10000 924358 709658 239573 28
10000 1006861 772213 258996 33
10000 878806 674362 229086 24
10000 949868 729144 246017 29
10000 878194 674402 229000 29
10000 864444 663684 225809 28
10000 883727 678070 229728 26
10000 879599 675162 229146 26
10000 1005187 772035 258982 30
10000 865075 663888 226620 25
10000 890458 683514 231219 28
10000 941163 722826 244006 29
10000 908819 697649 236140 28
10000 910371 699023 236958 29
10000 885685 679759 230075 25
10000 833089 640593 218104 26
10000 878498 674577 229107 26
10000 889991 683093 231889 25
10000 1037244 795828 265996 35
20000 1864116 1431672 483712 30
20000 1936283 1486685 499344 30
20000 1973082 1515054 506644 31
20000 1946846 1494389 501524 30
20000 1967210 1509869 507757 34
20000 1999324 1535724 515757 30
20000 1911982 1467293 494394 29
20000 2009340 1541830 517050 33
20000 1879523 1443138 486522 29
20000 1961797 1505211 504366 34
20000 1989591 1526628 512389 32
20000 1909687 1466362 493962 30
20000 2054443 1577005 527570 32
20000 1965901 1509036 506631 33
20000 2053787 1576264 527030 34
20000 1939729 1489258 500330 32
20000 1958275 1502087 505145 31
20000 1881234 1442951 486419 27
20000 1906970 1463261 492569 29
20000 1950297 1496927 503358 32
30000 3499540 2685808 887400 36
30000 3173132 2435847 812052 32
30000 2937950 2254058 757665 33
30000 3140053 2410460 803270 34
30000 3292891 2527309 840125 35
30000 3162645 2427560 809912 34
30000 3048896 2340858 782969 35
30000 3050040 2340857 783355 33
30000 3195974 2453830 817556 33
30000 3082420 2365127 789701 32
30000 2971732 2281469 763373 32
30000 3216089 2467883 823826 33
30000 3286044 2521638 840375 33
30000 3087378 2369098 791553 32
30000 2997317 2300276 770694 32
30000 3058201 2346384 785262 31
30000 3125507 2398284 800486 37
30000 3040361 2332672 781987 30
30000 3122992 2395354 800161 32
30000 3123224 2397884 799921 33
40000 4113002 3155935 1057169 31
40000 4160615 3193579 1065877 34
40000 4260735 3270968 1089328 35
40000 4147741 3181792 1064934 32
40000 4090983 3139522 1049869 33
40000 4435863 3402963 1132099 35
40000 4145665 3182189 1062699 34
40000 4171492 3200210 1068181 33
40000 4379233 3359957 1117815 34
40000 4421739 3392405 1126109 35
40000 4230170 3246783 1083657 33
40000 4177796 3207085 1070417 31
40000 4162965 3194343 1067220 31
40000 4259139 3269023 1089311 33
40000 4221439 3240560 1080184 33
40000 4134938 3174047 1059576 36
40000 4149473 3184630 1065052 31
40000 4206019 3227457 1077296 31
40000 4103373 3149430 1053046 31
40000 4364152 3348644 1113717 34
50000 5785942 4440089 1467681 36
50000 5674225 4354673 1443808 38
50000 5302871 4071390 1355875 35
50000 5283711 4054716 1352158 33
50000 5472532 4199955 1396950 32
50000 5678549 4358055 1444565 34
50000 5944367 4563068 1506714 39
50000 5331609 4091976 1363150 36
50000 5472912 4201891 1397253 36
50000 5553843 4262901 1416632 34
50000 5469159 4197435 1396653 35
50000 5551947 4260521 1416090 36
50000 5393309 4137837 1379936 38
50000 5483023 4210104 1397754 35
50000 5457088 4187684 1393946 34
50000 5353199 4107452 1369144 33
50000 5381157 4130531 1375908 34
50000 5456949 4188762 1391694 33
50000 5146686 3950411 1321704 34
50000 5217534 4004282 1338304 34
60000 6573615 5043612 1678625 35
60000 6626116 5084495 1690621 34
60000 6466398 4963185 1651051 32
60000 6454716 4952873 1650523 35
60000 6520889 5004187 1664480 34
60000 6639346 5097320 1692149 34
60000 6627373 5084979 1688658 35
60000 6595955 5062640 1683014 39
60000 6625950 5084484 1689676 34
60000 6775382 5199256 1723897 36
60000 6699828 5142996 1705225 33
60000 6547299 5023892 1671549 36
60000 6620343 5080385 1689842 34
60000 6619394 5081413 1686857 35
60000 6376494 4894245 1631504 35
60000 6667919 5118842 1698577 37
60000 6187973 4748835 1587591 32
60000 6439218 4940981 1646435 36
60000 6599111 5064837 1683967 40
60000 6518070 5001890 1663245 36
70000 8220513 6308313 2086235 35
70000 7836858 6014552 1995641 34
70000 8254936 6335076 2093500 36
70000 8250792 6333895 2091791 37
70000 7728127 5930800 1971141 36
70000 8058325 6183740 2049003 38
70000 7938255 6091722 2021682 37
70000 7819588 6001862 1992252 36
70000 8074746 6196794 2051440 36
70000 7629367 5855544 1947210 35
70000 7936351 6091408 2019621 36
70000 7973252 6118684 2030015 36
70000 7951659 6100870 2022706 36
70000 7796017 5981840 1986741 36
70000 8004330 6142042 2037656 37
70000 7640589 5864107 1949920 34
70000 7611510 5840817 1943979 33
70000 7595661 5826819 1940511 34
70000 7690281 5903030 1964659 33
70000 7714631 5921396 1967580 35
80000 9555282 7334766 2417696 40
80000 9125721 7003438 2322628 36
80000 9143740 7018287 2324523 38
80000 9531514 7314142 2414018 42
80000 8981483 6889410 2287523 37
80000 8966203 6880623 2282569 39
80000 9894432 7593076 2498484 39
80000 9490401 7281391 2404373 38
80000 9847113 7555677 2487432 40
80000 8760043 6723368 2234772 34
80000 9223725 7079914 2345578 36
80000 8687614 6668291 2220284 34
80000 8765698 6726948 2236130 33
80000 9378342 7197301 2379243 39
80000 9150972 7021856 2325494 36
80000 9201288 7060963 2339123 37
80000 9154646 7026289 2326624 36
80000 8712995 6684427 2221705 37
80000 9280229 7123516 2359331 35
80000 8805383 6756315 2246070 34
90000 10697449 8208957 2711784 36
90000 10043168 7708119 2557958 32
90000 11124675 8537058 2810411 37
90000 10115749 7763432 2577704 35
90000 10525037 8077252 2670728 35
90000 11021197 8457596 2787244 38
90000 10043326 7707681 2558021 34
90000 10178168 7811672 2587889 35
90000 9981023 7661000 2544632 35
90000 10123947 7772176 2577195 36
90000 10205316 7832128 2595514 34
90000 10091318 7743793 2572357 35
90000 10255703 7870754 2610853 38
90000 10683285 8200687 2706271 37
90000 10042165 7706588 2558501 39
90000 10617039 8147645 2693954 39
90000 10870742 8340441 2751952 38
90000 10710529 8219232 2710883 41
90000 10150173 7791297 2584448 36
90000 10830478 8313963 2738243 39
100000 12703545 9746134 3204307 41
100000 11704446 8982316 2970440 35
100000 11441984 8781792 2908186 35
100000 11412483 8758547 2900298 37
100000 11951900 9173338 3029593 37
100000 11394748 8744152 2899510 36
100000 11743745 9014430 2981167 37
100000 11980839 9195087 3034683 37
100000 11801524 9056448 2991611 39
100000 11501290 8827154 2920773 37
100000 11878269 9113806 3013252 40
100000 12005341 9212727 3039344 37
100000 11523676 8844446 2927811 37
100000 11061116 8489292 2818459 34
100000 11262645 8645207 2867980 35
100000 11182743 8582826 2846982 34
100000 11842557 9087590 3004404 35
100000 11995584 9205304 3037438 39
100000 11827970 9078946 2997044 37
100000 12261095 9411348 3100400 36
