10000 198205580 149337477 40394393 4757
10000 198404497 149245782 39967949 4745
10000 201528190 151975326 41279209 4780
10000 199928031 150807590 41059282 4782
10000 200184972 151074164 41086248 4811
10000 200465303 151166569 41071090 4805
10000 200077500 151124137 41152303 4826
10000 201132976 151772941 41442469 4756
10000 199046231 149966897 40537524 4748
10000 201728080 152076363 41471879 4752
10000 198086430 149410205 40480291 4781
10000 201285389 151931623 41456675 4793
10000 198777211 149751443 40323804 4775
10000 198929264 149907835 40685649 4762
10000 201152772 151546170 41143914 4791
10000 197514187 148736200 40241351 4725
10000 200177764 150934984 41088477 4766
10000 202343512 152749390 41747084 4800
10000 197782614 148936554 39927005 4834
10000 198804722 149957210 40720375 4788
20000 796120343 599494878 162077484 9539
20000 796780067 600285392 162314687 9573
20000 801083547 603791926 163385512 9600
20000 797434283 601448668 163138132 9583
20000 795612122 599732472 162172246 9544
20000 797261096 601069160 163070456 9513
20000 803736777 606152202 165297206 9602
20000 798773504 601826923 162783901 9500
20000 803009254 605707565 164900090 9532
20000 797645353 600710714 162733747 9532
20000 797093030 601146468 162973715 9585
20000 792962710 596497151 159846151 9581
20000 799424557 601962322 162724567 9532
20000 802470335 604589547 163795825 9601
20000 796362953 600030945 162213425 9564
20000 791038744 596279418 161077396 9442
20000 797827998 602209449 163163760 9531
20000 799667889 602580635 163628590 9519
20000 798695522 601270350 162284740 9615
20000 800598803 603917259 164025975 9584
30000 1791735112 1350930389 367021766 14253
30000 1798221458 1354954058 367397075 14277
30000 1796952860 1355339926 368468130 14342
30000 1791923333 1350650082 364169996 14401
30000 1792629911 1349753556 364812872 14232
30000 1798383461 1355849021 367374317 14290
30000 1792284094 1351172328 366962650 14232
30000 1804864694 1360717489 370223167 14395
30000 1792133346 1349971502 366052538 14265
30000 1789533514 1348367360 363881222 14329
30000 1803051960 1359053608 368545517 14343
30000 1797437794 1354848706 366666166 14330
30000 1793915476 1350559749 364781688 14339
30000 1782311289 1343338689 363244913 14310
30000 1806657968 1362650568 371430844 14345
30000 1795996919 1353278410 366736489 14305
30000 1802271716 1359244303 368964959 14356
30000 1784414394 1343507520 362785700 14154
30000 1802456926 1358813402 368481668 14330
30000 1787206407 1347086466 364160683 14359
40000 3189771033 2406017591 653414493 19086
40000 3206241304 2415161639 652822335 19156
40000 3209222479 2420048180 656059501 19297
40000 3200840893 2412192901 654658658 19005
40000 3196197596 2408471251 652552668 19087
40000 3193208224 2406464221 651512723 19122
40000 3199014519 2412983292 655668518 19107
40000 3201022897 2415607868 657125275 19163
40000 3187087799 2402196469 650230052 19175
40000 3195546739 2408155890 652885988 19116
40000 3191877608 2405474552 652537620 19015
40000 3199132766 2410680387 652341568 19128
40000 3188172291 2404022781 649421883 19155
40000 3199018838 2411410589 652986947 19082
40000 3171342986 2388313544 644164172 18991
40000 3194059307 2407634481 652667040 19103
40000 3187400431 2405944369 650602484 19334
40000 3206783975 2419119376 658300152 19210
40000 3206256153 2417788620 656189313 19226
40000 3182869214 2397558499 647752779 19015
50000 4979862753 3754300118 1017470635 23874
50000 4981207854 3755325380 1016292030 23908
50000 4991110712 3763304306 1020961133 23809
50000 4981279112 3751930062 1018058242 23755
50000 4982334118 3755227649 1014842326 24003
50000 4997040576 3767505483 1024093284 23871
50000 4990799919 3761072098 1018415778 23799
50000 4966924880 3742745622 1013338930 23758
50000 4987766701 3761880899 1019414748 23954
50000 4971789086 3746539456 1011958934 23843
50000 5002094310 3772929286 1024040929 23874
50000 4993615193 3764202708 1019463550 23994
50000 4975217254 3748500256 1013721615 23780
50000 5016922548 3786789259 1032366993 23977
50000 5002806329 3771805495 1021663629 23864
50000 4975598972 3752518512 1017383504 23832
50000 4958226252 3735291982 1007128011 23848
50000 4985483268 3758063046 1016669740 23889
50000 4974284295 3748857942 1014501492 23839
50000 4984491044 3757380219 1016812180 23946
60000 7157937722 5391400491 1454167343 28465
60000 7175752735 5406321734 1463973226 28638
60000 7183107493 5414333777 1465805747 28565
60000 7180697172 5411598449 1467089314 28524
60000 7152102624 5389050718 1455481068 28498
60000 7206176931 5431666824 1472154716 28610
60000 7196390313 5424658161 1471434055 28606
60000 7172812367 5406590286 1462579172 28773
60000 7148620058 5383595751 1456102964 28326
60000 7180093075 5413724565 1467638558 28597
60000 7178195766 5409900579 1463919790 28638
60000 7178238844 5414816981 1469509660 28556
60000 7180546144 5413698634 1466843640 28588
60000 7207913925 5435745435 1477946936 28679
60000 7165928779 5403033463 1466480188 28500
60000 7190699738 5421738238 1468748421 28734
60000 7198928663 5428205024 1474176723 28743
60000 7213999550 5439713464 1478494159 28586
60000 7186416771 5415231746 1467335478 28622
60000 7206687752 5432412652 1473744580 28607
70000 9800758185 7386421692 2003321052 33357
70000 9780782440 7365294166 1992167431 33342
70000 9757899226 7352515433 1986234106 33370
70000 9784356139 7371748160 1997156485 33322
70000 9783262506 7378313203 2001615319 33515
70000 9775234481 7364004278 1988607187 33378
70000 9762303161 7354239811 1989189181 33314
70000 9764597727 7360713350 1991081511 33521
70000 9813637389 7400630946 2009660434 33462
70000 9806239434 7390638764 2008712593 33340
70000 9823479084 7410079627 2014413300 33599
70000 9815279021 7404653825 2011376146 33495
70000 9728543580 7325661735 1974698138 33277
70000 9750758091 7349520750 1990117290 33348
70000 9778981374 7366888526 1993622318 33388
70000 9829240231 7413330354 2017741284 33467
70000 9756698060 7352136105 1988060134 33392
70000 9786135072 7376322242 1996545343 33505
70000 9787714522 7383579070 2006950504 33316
70000 9783823171 7376229671 1998876347 33483
80000 12763194916 9623735596 2604949680 38226
80000 12738559339 9599281472 2596888517 37992
80000 12760055214 9620378178 2606030937 38209
80000 12783500760 9639811814 2617024493 38272
80000 12798103369 9651402028 2622304547 38103
80000 12760567975 9616624380 2606662051 38053
80000 12773684737 9630298785 2606253022 38311
80000 12750584271 9610470862 2602239671 38209
80000 12760895527 9619058473 2609369667 38169
80000 12706489521 9580745545 2592424808 38093
80000 12738014216 9598591229 2595721256 38226
80000 12699732492 9577886191 2591125602 38344
80000 12768601717 9623534904 2603386020 38094
80000 12779706743 9633059639 2612615854 38233
80000 12788027577 9635587397 2607229691 38192
80000 12714918022 9580194496 2588574282 38082
80000 12808928399 9657051642 2620715717 38225
80000 12746406889 9607260717 2602575705 38163
80000 12753386234 9612415829 2600423234 38228
80000 12783926947 9638648285 2615001844 38330
90000 16181284456 12194287340 3300837076 42979
90000 16162668027 12182624319 3303339075 42863
90000 16167193396 12189187546 3298708744 43194
90000 16141058994 12161800238 3292527083 42906
90000 16129950858 12155146098 3292231994 42891
90000 16175933922 12194682084 3304555822 43126
90000 16121129392 12153549364 3296759903 42995
90000 16085513186 12125249867 3280486524 42900
90000 16135464263 12156031208 3292305394 42743
90000 16178408081 12187042721 3302578679 42927
90000 16117643956 12147609014 3281392994 42968
90000 16149414122 12177526234 3297668019 43073
90000 16216839795 12223672885 3327048129 42725
90000 16207186196 12214319478 3306170701 43028
90000 16119326717 12146604234 3281985820 43076
90000 16197047950 12221152726 3316414067 43302
90000 16196670342 12209425862 3313379944 42969
90000 16181337294 12190098645 3303128420 42842
90000 16145766638 12171398604 3294692990 43069
90000 16153856553 12175651679 3296116901 42942
100000 19946705830 15030660438 4068255261 47780
100000 19990308644 15076552446 4090765515 47912
100000 19995272402 15074297175 4094260239 47715
100000 19970205577 15054762078 4086238929 47771
100000 19871390820 14979849560 4055991870 47550
100000 19859368545 14965675125 4040270093 47700
100000 19985492678 15068928927 4085345533 47805
100000 19944704728 15034383318 4069477833 47735
100000 20028773771 15098062919 4095626467 47693
100000 19999868111 15073822292 4088502533 47660
100000 19989464518 15066589638 4086899537 47604
100000 19940778566 15021535317 4063529007 47451
100000 20002162232 15077170581 4089305725 47823
100000 19960190239 15045838702 4074507595 47854
100000 19931913093 15017162436 4066222978 47471
100000 19964278014 15047723396 4077589699 47858
100000 19886981995 14986729415 4050266571 47585
100000 19942652407 15032389395 4068865578 47818
100000 19956316763 15039464458 4080207163 47595
100000 19901914217 14997299797 4055411337 47625
