 0.000633783  1  1  0  B
 0.023200010  1  1  1  B
 0.023201084  1  1  2  B
 0.064415034  1  1  3  B
 0.064416449  1  1  0  B
 0.093625454  1  1  1  B
 0.105509655  1  1  2  B
 0.130009444  1  1  3  B
 0.130010146  1  1  0  B
 0.147536028  1  1  1  B
 0.197272980  1  1  2  B
 0.228181973  1  1  3  B
 0.228183208  1  1  0  B
 0.242296014  1  1  1  B
 0.269466990  1  1  2  B
 0.281638882  1  1  3  B
 0.281640536  1  1  0  B
 0.325846458  1  1  1  B
 0.325848261  1  1  2  B
 0.337599646  1  1  3  B
 0.337601484  1  1  0  B
 0.373661456  1  1  1  B
 0.380140205  1  1  2  B
 0.418725662  1  1  3  B
 0.418727437  1  1  0  B
 0.456170115  1  1  1  B
 0.467103100  1  1  2  B
 0.483802507  1  1  3  B
 0.483804171  1  1  0  B
 0.514303845  1  1  1  B
 0.520980985  1  1  2  B
 0.553097171  1  1  3  B
 0.553098982  1  1  0  B
 0.584159650  1  1  1  B
 0.608090929  1  1  2  B
 0.645744274  1  1  3  B
 0.645745707  1  1  0  B
 0.689633309  1  1  1  B
 0.689635240  1  1  2  B
 0.721172265  1  1  3  B
 0.721173794  1  1  0  B
 0.753410707  1  1  1  B
 0.767688680  1  1  2  B
 0.790435942  1  1  3  B
 0.790437376  1  1  0  B
 0.819556625  1  1  1  B
 0.819558479  1  1  2  B
 0.867880897  1  1  3  B
 0.867882574  1  1  0  B
 0.906908677  1  1  1  B
 0.912237262  1  1  2  B
 0.926715307  1  1  3  B
 0.926717351  1  1  0  B
 0.951626212  1  1  1  B
 0.978903823  1  1  2  B
 1.010788691  1  1  3  B
 1.010790242  1  1  0  B
 1.045343509  1  1  1  B
 1.045345404  1  1  2  B
 1.088102718  1  1  3  B
 1.088104388  1  1  0  B
 1.103779645  1  1  1  B
 1.123223759  1  1  2  B
 1.134366785  1  1  3  B
 1.134368974  1  1  0  B
 1.182553272  1  1  1  B
 1.209816318  1  1  2  B
 1.247703034  1  1  3  B
 1.247704226  1  1  0  B
 1.287727515  1  1  1  B
 1.315954256  1  1  2  B
 1.327056350  1  1  3  B
 1.327057945  1  1  0  B
 1.359106507  1  1  1  B
 1.389654368  1  1  2  B
 1.428486203  1  1  3  B
 1.428487818  1  1  0  B
 1.452154630  1  1  1  B
 1.452156769  1  1  2  B
 1.496988613  1  1  3  B
 1.496990079  1  1  0  B
 1.508502752  1  1  1  B
 1.532380369  1  1  2  B
 1.575795953  1  1  3  B
 1.575797490  1  1  0  B
 1.623094431  1  1  1  B
 1.635032092  1  1  2  B
 1.677316532  1  1  3  B
 1.677318093  1  1  0  B
 1.712203875  1  1  1  B
 1.714341750  1  1  2  B
 1.725041901  1  1  3  B
 1.725043677  1  1  0  B
 1.758494489  1  1  1  B
 1.758496460  1  1  2  B
 1.803776811  1  1  3  B
 1.803781397  1  1  0  B
 1.847272220  1  1  1  B
 1.847274557  1  1  2  B
 1.862189075  1  1  3  B
 1.862191285  1  1  0  B
 1.911671269  1  1  1  B
 1.915409337  1  1  2  B
 1.928528544  1  1  3  B
 1.928530186  1  1  0  B
 1.958285886  1  1  1  B
 1.958287957  1  1  2  B
 1.969702164  1  1  3  B
 1.969704067  1  1  0  B
 2.017686674  1  1  1  B
 2.039816203  1  1  2  B
 2.089093701  1  1  3  B
 2.089095267  1  1  0  B
 2.102451739  1  1  1  B
 2.105797869  1  1  2  B
 2.136609759  1  1  3  B
 2.136611083  1  1  0  B
 2.181180651  1  1  1  B
 2.181182617  1  1  2  B
 2.201080208  1  1  3  B
 2.201081840  1  1  0  B
 2.249022118  1  1  1  B
 2.249024182  1  1  2  B
 2.284638019  1  1  3  B
 2.284639477  1  1  0  B
 2.296390485  1  1  1  B
 2.305143297  1  1  2  B
 2.342518712  1  1  3  B
 2.342520566  1  1  0  B
 2.365687253  1  1  1  B
 2.388566615  1  1  2  B
 2.409823399  1  1  3  B
 2.409825042  1  1  0  B
 2.455114104  1  1  1  B
 2.486831474  1  1  2  B
 2.502406126  1  1  3  B
 2.502408310  1  1  0  B
 2.519967292  1  1  1  B
 2.519969273  1  1  2  B
 2.564122624  1  1  3  B
 2.564123611  1  1  0  B
 2.575821163  1  1  1  B
 2.587796551  1  1  2  B
 2.609604727  1  1  3  B
 2.609606583  1  1  0  B
 2.621379033  1  1  1  B
 2.631204290  1  1  2  B
 2.655135308  1  1  3  B
 2.655137064  1  1  0  B
 2.692200045  1  1  1  B
 2.692201914  1  1  2  B
 2.712669339  1  1  3  B
 2.712671240  1  1  0  B
 2.729731855  1  1  1  B
 2.752422174  1  1  2  B
 2.790430625  1  1  3  B
 2.790431688  1  1  0  B
 2.814800520  1  1  1  B
 2.814803067  1  1  2  B
 2.842580517  1  1  3  B
 2.842581480  1  1  0  B
 2.863228408  1  1  1  B
 2.881965667  1  1  2  B
 2.920626123  1  1  3  B
 2.920627474  1  1  0  B
 2.935356130  1  1  1  B
 2.935357930  1  1  2  B
 2.962470509  1  1  3  B
 2.962472297  1  1  0  B
 3.000173180  1  1  1  B
 3.002318323  1  1  2  B
 3.035549387  1  1  3  B
 3.035550543  1  1  0  B
 3.083299528  1  1  1  B
 3.083300725  1  1  2  B
 3.120813232  1  1  3  B
 3.120814690  1  1  0  B
 3.165889088  1  1  1  B
 3.165891222  1  1  2  B
 3.200277342  1  1  3  B
 3.200279454  1  1  0  B
 3.216792376  1  1  1  B
 3.225351162  1  1  2  B
 3.245666325  1  1  3  B
 3.245667784  1  1  0  B
 3.292553486  1  1  1  B
 3.296981406  1  1  2  B
 3.341639669  1  1  3  B
 3.341641090  1  1  0  B
 3.378071307  1  1  1  B
 3.378073404  1  1  2  B
 3.388917615  1  1  3  B
 3.388919487  1  1  0  B
 3.414610936  1  1  1  B
 3.414613053  1  1  2  B
 3.441877542  1  1  3  B
 3.441879595  1  1  0  B
 3.473856090  1  1  1  B
 3.497832929  1  1  2  B
 3.508613729  1  1  3  B
 3.508615460  1  1  0  B
 3.524271293  1  1  1  B
 3.524273064  1  1  2  B
 3.570722118  1  1  3  B
 3.570723265  1  1  0  B
 3.601339919  1  1  1  B
 3.613247536  1  1  2  B
 3.651772072  1  1  3  B
 3.651773495  1  1  0  B
 3.676221016  1  1  1  B
 3.677294502  1  1  2  B
 3.716621863  1  1  3  B
 3.716623606  1  1  0  B
 3.736561972  1  1  1  B
 3.751916990  1  1  2  B
 3.794388424  1  1  3  B
 3.794390180  1  1  0  B
 3.833786640  1  1  1  B
 3.835966510  1  1  2  B
 3.877164929  1  1  3  B
 3.877166340  1  1  0  B
 3.925188368  1  1  1  B
 3.925190311  1  1  2  B
 3.967955870  1  1  3  B
 3.967957529  1  1  0  B
 3.994871453  1  1  1  B
 3.995944396  1  1  2  B
 4.011211782  1  1  3  B
 4.011236925  1  1  0  B
 4.035066784  1  1  1  B
 4.035068777  1  1  2  B
 4.080138522  1  1  3  B
 4.080139622  1  1  0  B
 4.113510355  1  1  1  B
 4.122208365  1  1  2  B
 4.144753010  1  1  3  B
 4.144755034  1  1  0  B
 4.193551400  1  1  1  B
 4.205427896  1  1  2  B
 4.240931457  1  1  3  B
 4.240933490  1  1  0  B
 4.287187801  1  1  1  B
 4.289325367  1  1  2  B
 4.334264610  1  1  3  B
 4.334266033  1  1  0  B
 4.355367340  1  1  1  B
 4.355369235  1  1  2  B
 4.404054620  1  1  3  B
 4.404056565  1  1  0  B
 4.432160590  1  1  1  B
 4.432162777  1  1  2  B
 4.473791784  1  1  3  B
 4.473793081  1  1  0  B
 4.512201701  1  1  1  B
 4.516552773  1  1  2  B
 4.542346128  1  1  3  B
 4.542348242  1  1  0  B
 4.571373633  1  1  1  B
 4.601920989  1  1  2  B
 4.643870041  1  1  3  B
 4.643871766  1  1  0  B
 4.676687373  1  1  1  B
 4.686348885  1  1  2  B
 4.736048202  1  1  3  B
 4.736049740  1  1  0  B
 4.768549572  1  1  1  B
 4.769679340  1  1  2  B
 4.788666166  1  1  3  B
 4.788668374  1  1  0  B
 4.829799428  1  1  1  B
 4.830882076  1  1  2  B
 4.872425662  1  1  3  B
 4.872427305  1  1  0  B
 4.896311108  1  1  1  B
 4.923695689  1  1  2  B
 4.953997540  1  1  3  B
 4.953998662  1  1  0  B
 4.975677717  1  1  1  B
 4.978962694  1  1  2  B
 4.996369096  1  1  3  B
 4.996370725  1  1  0  B
 5.017792320  1  1  1  B
 5.017794240  1  1  2  B
 5.040705183  1  1  3  B
 5.040706456  1  1  0  B
 5.081659622  1  1  1  B
 5.088150799  1  1  2  B
 5.115762214  1  1  3  B
 5.115763191  1  1  0  B
 0.000535139  0  0  0  A
 0.048749492  0  0  1  A
 0.064416800  0  0  2  A
 0.104638378  0  0  3  A
 0.104639581  0  0  0  A
 0.146366226  0  0  1  A
 0.146367029  0  0  2  A
 0.196338863  0  0  3  A
 0.196340316  0  0  0  A
 0.214720956  0  0  1  A
 0.228824908  0  0  2  A
 0.268668643  0  0  3  A
 0.268669884  0  0  0  A
 0.306204259  0  0  1  A
 0.306206433  0  0  2  A
 0.318524853  0  0  3  A
 0.318526615  0  0  0  A
 0.355876102  0  0  1  A
 0.355878216  0  0  2  A
 0.379216471  0  0  3  A
 0.379218064  0  0  0  A
 0.397629001  0  0  1  A
 0.419230202  0  0  2  A
 0.466261247  0  0  3  A
 0.466262853  0  0  0  A
 0.487430646  0  0  1  A
 0.487432656  0  0  2  A
 0.519994656  0  0  3  A
 0.519996511  0  0  0  A
 0.561393295  0  0  1  A
 0.561395793  0  0  2  A
 0.608004156  0  0  3  A
 0.608005707  0  0  0  A
 0.622524744  0  0  1  A
 0.646312717  0  0  2  A
 0.662389369  0  0  3  A
 0.662391024  0  0  0  A
 0.694103125  0  0  1  A
 0.721312788  0  0  2  A
 0.766926726  0  0  3  A
 0.766928357  0  0  0  A
 0.781321813  0  0  1  A
 0.791148651  0  0  2  A
 0.807631784  0  0  3  A
 0.807633501  0  0  0  A
 0.830218443  0  0  1  A
 0.868359624  0  0  2  A
 0.912216753  0  0  3  A
 0.912218112  0  0  0  A
 0.944974049  0  0  1  A
 0.944976057  0  0  2  A
 0.978244681  0  0  3  A
 0.978246388  0  0  0  A
 0.994605064  0  0  1  A
 1.011041865  0  0  2  A
 1.032204096  0  0  3  A
 1.032205857  0  0  0  A
 1.079072619  0  0  1  A
 1.088962151  0  0  2  A
 1.122514044  0  0  3  A
 1.122515925  0  0  0  A
 1.168366419  0  0  1  A
 1.168368542  0  0  2  A
 1.209635911  0  0  3  A
 1.209637182  0  0  0  A
 1.246875843  0  0  1  A
 1.247950094  0  0  2  A
 1.258786103  0  0  3  A
 1.258787823  0  0  0  A
 1.279314226  0  0  1  A
 1.279316069  0  0  2  A
 1.315952589  0  0  3  A
 1.315953739  0  0  0  A
 1.341836332  0  0  1  A
 1.341838198  0  0  2  A
 1.389158469  0  0  3  A
 1.389159702  0  0  0  A
 1.412210380  0  0  1  A
 1.428564507  0  0  2  A
 1.440118974  0  0  3  A
 1.440120770  0  0  0  A
 1.478759966  0  0  1  A
 1.497150369  0  0  2  A
 1.532178357  0  0  3  A
 1.532179774  0  0  0  A
 1.551402121  0  0  1  A
 1.576359551  0  0  2  A
 1.600886205  0  0  3  A
 1.600887948  0  0  0  A
 1.613926064  0  0  1  A
 1.613928077  0  0  2  A
 1.635030206  0  0  3  A
 1.635031596  0  0  0  A
 1.652662502  0  0  1  A
 1.677817320  0  0  2  A
 1.713801784  0  0  3  A
 1.713803100  0  0  0  A
 1.762306816  0  0  1  A
 1.803782517  0  0  2  A
 1.842307476  0  0  3  A
 1.842309152  0  0  0  A
 1.874033082  0  0  1  A
 1.874035096  0  0  2  A
 1.884805337  0  0  3  A
 1.884807275  0  0  0  A
 1.903039874  0  0  1  A
 1.903041747  0  0  2  A
 1.915407713  0  0  3  A
 1.915408948  0  0  0  A
 1.928784839  0  0  1  A
 1.928785946  0  0  2  A
 1.947691979  0  0  3  A
 1.947693703  0  0  0  A
 1.963544566  0  0  1  A
 1.970100428  0  0  2  A
 1.996638862  0  0  3  A
 1.996640645  0  0  0  A
 2.012947778  0  0  1  A
 2.012949645  0  0  2  A
 2.039814770  0  0  3  A
 2.039815800  0  0  0  A
 2.055405305  0  0  1  A
 2.089175740  0  0  2  A
 2.105721313  0  0  3  A
 2.105722200  0  0  0  A
 2.124939587  0  0  1  A
 2.136997807  0  0  2  A
 2.179419550  0  0  3  A
 2.179421615  0  0  0  A
 2.190609507  0  0  1  A
 2.201365824  0  0  2  A
 2.246265179  0  0  3  A
 2.246267068  0  0  0  A
 2.258690546  0  0  1  A
 2.284893808  0  0  2  A
 2.304490233  0  0  3  A
 2.304492191  0  0  0  A
 2.344548927  0  0  1  A
 2.344550885  0  0  2  A
 2.387423558  0  0  3  A
 2.387425066  0  0  0  A
 2.435959751  0  0  1  A
 2.435961553  0  0  2  A
 2.485773612  0  0  3  A
 2.485774856  0  0  0  A
 2.520039766  0  0  1  A
 2.564124442  0  0  2  A
 2.586850648  0  0  3  A
 2.586851478  0  0  0  A
 2.620490355  0  0  1  A
 2.620492190  0  0  2  A
 2.630984061  0  0  3  A
 2.630985151  0  0  0  A
 2.657549819  0  0  1  A
 2.657551093  0  0  2  A
 2.678489488  0  0  3  A
 2.678491106  0  0  0  A
 2.726215771  0  0  1  A
 2.726217799  0  0  2  A
 2.752264237  0  0  3  A
 2.752265549  0  0  0  A
 2.780440156  0  0  1  A
 2.791303038  0  0  2  A
 2.804555767  0  0  3  A
 2.804557816  0  0  0  A
 2.829112982  0  0  1  A
 2.843193751  0  0  2  A
 2.881187475  0  0  3  A
 2.881189511  0  0  0  A
 2.906354022  0  0  1  A
 2.921576519  0  0  2  A
 2.934205413  0  0  3  A
 2.934207447  0  0  0  A
 2.969151709  0  0  1  A
 2.969153631  0  0  2  A
 3.002037359  0  0  3  A
 3.002038748  0  0  0  A
 3.022528509  0  0  1  A
 3.035659592  0  0  2  A
 3.083190678  0  0  3  A
 3.083192600  0  0  0  A
 3.116805153  0  0  1  A
 3.121069656  0  0  2  A
 3.159466263  0  0  3  A
 3.159468304  0  0  0  A
 3.206325525  0  0  1  A
 3.206328079  0  0  2  A
 3.224958586  0  0  3  A
 3.224960389  0  0  0  A
 3.238391285  0  0  1  A
 3.246237404  0  0  2  A
 3.296063066  0  0  3  A
 3.296064710  0  0  0  A
 3.318084651  0  0  1  A
 3.342023697  0  0  2  A
 3.374095047  0  0  3  A
 3.374096961  0  0  0  A
 3.390146900  0  0  1  A
 3.390149038  0  0  2  A
 3.413119943  0  0  3  A
 3.413121697  0  0  0  A
 3.459623971  0  0  1  A
 3.459626194  0  0  2  A
 3.497801045  0  0  3  A
 3.497802713  0  0  0  A
 3.529824033  0  0  1  A
 3.570723746  0  0  2  A
 3.612246662  0  0  3  A
 3.612248287  0  0  0  A
 3.639683142  0  0  1  A
 3.652824159  0  0  2  A
 3.676766506  0  0  3  A
 3.676767833  0  0  0  A
 3.688057197  0  0  1  A
 3.717365988  0  0  2  A
 3.750896058  0  0  3  A
 3.750897618  0  0  0  A
 3.796986747  0  0  1  A
 3.796988732  0  0  2  A
 3.835699792  0  0  3  A
 3.835701371  0  0  0  A
 3.870707189  0  0  1  A
 3.878218702  0  0  2  A
 3.918301109  0  0  3  A
 3.918303109  0  0  0  A
 3.929998039  0  0  1  A
 3.968113142  0  0  2  A
 3.995345932  0  0  3  A
 3.995371920  0  0  0  A
 4.041140222  0  0  1  A
 4.080140201  0  0  2  A
 4.121701720  0  0  3  A
 4.121703160  0  0  0  A
 4.166952012  0  0  1  A
 4.166954409  0  0  2  A
 4.204931011  0  0  3  A
 4.204932203  0  0  0  A
 4.241458499  0  0  1  A
 4.241460144  0  0  2  A
 4.288558988  0  0  3  A
 4.288560422  0  0  0  A
 4.311445896  0  0  1  A
 4.334308348  0  0  2  A
 4.352208602  0  0  3  A
 4.352210821  0  0  0  A
 4.397330966  0  0  1  A
 4.404140212  0  0  2  A
 4.421670363  0  0  3  A
 4.421672171  0  0  0  A
 4.461628257  0  0  1  A
 4.474742857  0  0  2  A
 4.515892299  0  0  3  A
 4.515893258  0  0  0  A
 4.553671672  0  0  1  A
 4.553673639  0  0  2  A
 4.601358651  0  0  3  A
 4.601360378  0  0  0  A
 4.648653034  0  0  1  A
 4.648655034  0  0  2  A
 4.686198480  0  0  3  A
 4.686200086  0  0  0  A
 4.717487321  0  0  1  A
 4.736053323  0  0  2  A
 4.769143892  0  0  3  A
 4.769144790  0  0  0  A
 4.815552836  0  0  1  A
 4.815554817  0  0  2  A
 4.830050027  0  0  3  A
 4.830050785  0  0  0  A
 4.866896764  0  0  1  A
 4.873290103  0  0  2  A
 4.923218462  0  0  3  A
 4.923219734  0  0  0  A
 4.950369623  0  0  1  A
 4.954834872  0  0  2  A
 4.978064397  0  0  3  A
 4.978066065  0  0  0  A
 5.021749539  0  0  1  A
 5.040706899  0  0  2  A
 5.087622445  0  0  3  A
 5.087623956  0  0  0  A
 5.109014852  0  0  1  A
 5.116546504  0  0  2  A
 5.141849966  0  0  3  A
 5.141851779  0  0  0  A
 5.164104539  0  0  1  A
 5.164106836  0  0  2  A
 5.201615735  0  0  3  A
 5.201617588  0  0  0  A
 5.230705813  0  0  1  A
 5.230707805  0  0  2  A
 5.255129292  0  0  3  A
 5.255130979  0  0  0  A
 5.266836552  0  0  1  A
 5.266838387  0  0  2  A
 5.314853059  0  0  3  A
 5.314854861  0  0  0  A
 5.361833536  0  0  1  A
 5.361835520  0  0  2  A
 5.407311513  0  0  3  A
 5.407313061  0  0  0  A
 5.452407268  0  0  1  A
 5.452409071  0  0  2  A
 5.491722729  0  0  3  A
 5.491724750  0  0  0  A
 5.516622385  0  0  1  A
 5.516624213  0  0  2  A
 5.562495532  0  0  3  A
 5.562497450  0  0  0  A
-1  2  2  4 LOCAL_SECTION;ENTRY_PROTOCOL;CRITICAL_SECTION;EXIT_PROTOCOL;EXTRA_LABEL;
