-1 35 10 10
0.000181 5 5 2 F
0.000184 9 4 6 J
0.000188 13 4 7 N
0.033131 13 4 6 n
0.084188 13 10 10 #
0.000185 10 4 4 K
0.037675 10 5 4 k
0.088693 10 10 10 #
0.000188 14 3 7 O
0.037694 14 4 7 O
0.054979 14 4 6 o
0.105763 14 10 10 #
0.000178 3 7 4 D
0.036552 3 7 3 D
0.057150 3 7 4 D
0.102318 3 6 4 d
0.152589 3 10 10 #
0.000181 6 8 6 G
0.030920 6 9 6 G
0.059296 6 9 7 G
0.103399 6 9 6 G
0.123348 6 0 6 G
0.147222 6 1 6 g
0.198086 6 10 10 #
0.000149 0 5 0 A
0.038750 0 6 0 A
0.086356 0 6 1 A
0.111047 0 5 1 A
0.156691 0 5 2 a
0.207641 0 10 10 #
0.000171 2 8 9 C
0.020098 2 7 9 C
0.045077 2 7 8 C
0.077919 2 7 7 C
0.103513 2 8 7 C
0.137543 2 8 6 C
0.152525 2 7 6 C
0.180346 2 7 5 C
0.202382 2 7 4 C
0.225309 2 6 4 c
0.275746 2 10 10 #
0.000179 4 9 1 E
0.016956 4 8 1 E
0.046232 4 8 2 E
0.077778 4 7 2 E
0.104693 4 7 1 E
0.127828 4 8 1 E
0.139705 4 9 1 E
0.162979 4 0 1 E
0.207639 4 9 1 E
0.239762 4 9 0 E
0.260340 4 0 0 E
0.297846 4 0 1 E
0.329490 4 0 2 E
0.329491 4 10 10 E
0.021175 22 4 9 7
0.329556 22 10 10 7
0.000169 1 9 8 B
0.026517 1 0 8 B
0.050661 1 0 7 B
0.077856 1 1 7 B
0.098039 1 0 7 B
0.132074 1 9 7 B
0.145090 1 9 6 B
0.180348 1 0 6 B
0.216835 1 0 5 B
0.239612 1 1 5 B
0.287261 1 0 5 B
0.313826 1 1 5 B
0.362793 1 1 4 B
0.401679 1 1 5 B
0.442204 1 1 6 b
0.492510 1 10 10 #
0.047324 21 2 5 6
0.521068 21 2 6 6
0.536674 21 2 7 *
0.587251 21 10 10 *
0.000185 11 0 3 L
0.030797 11 9 3 L
0.053898 11 9 4 L
0.070489 11 9 3 L
0.086424 11 0 3 L
0.111142 11 0 2 L
0.127726 11 9 2 L
0.172242 11 8 2 L
0.191673 11 8 3 L
0.243839 11 7 3 L
0.290537 11 7 2 L
0.307193 11 6 2 L
0.345887 11 6 1 L
0.361505 11 7 1 L
0.384572 11 7 2 L
0.410610 11 8 2 L
0.439786 11 8 3 L
0.467846 11 7 3 L
0.502394 11 7 2 L
0.514883 11 6 2 L
0.530353 11 6 3 L
0.552270 11 6 4 l
0.602591 11 10 10 #
0.000183 7 8 3 H
0.052840 7 8 4 H
0.070562 7 8 3 H
0.087431 7 8 4 H
0.134343 7 8 3 H
0.148353 7 9 3 H
0.193859 7 9 2 H
0.225391 7 9 3 H
0.259156 7 0 3 H
0.281100 7 1 3 H
0.311545 7 1 2 H
0.354076 7 2 2 H
0.374271 7 2 3 H
0.392968 7 1 3 H
0.405183 7 1 4 H
0.440906 7 1 3 H
0.463636 7 1 4 H
0.494865 7 1 5 H
0.521074 7 2 5 H
0.587350 7 2 6 H
0.618371 7 2 7 h
0.669366 7 10 10 #
0.004340 18 0 9 3
0.735166 18 10 10 3
0.012503 23 2 3 8
0.374265 23 2 4 8
0.672665 23 2 3 8
0.767169 23 10 10 8
0.000183 8 7 5 I
0.042928 8 7 6 I
0.084130 8 7 5 I
0.126545 8 7 4 I
0.139701 8 8 4 I
0.161922 8 8 5 I
0.200233 8 9 5 I
0.220970 8 8 5 I
0.237462 8 8 4 I
0.268475 8 7 4 I
0.310371 8 7 3 I
0.325346 8 7 2 I
0.363899 8 8 2 I
0.396192 8 9 2 I
0.415960 8 0 2 I
0.455427 8 1 2 I
0.474026 8 0 2 I
0.503538 8 0 3 I
0.550026 8 1 3 I
0.574626 8 2 3 I
0.608951 8 1 3 I
0.626089 8 1 4 I
0.641364 8 1 5 I
0.652667 8 1 4 I
0.672672 8 2 4 I
0.706337 8 2 5 I
0.736367 8 3 5 I
0.748567 8 4 5 I
0.794871 8 4 4 I
0.830804 8 4 5 I
0.873718 8 5 5 I
0.899314 8 5 4 i
0.950049 8 10 10 #
0.015812 19 0 0 4
0.260337 19 0 1 4
0.297844 19 0 2 4
0.329485 19 0 3 4
0.390751 19 0 2 4
0.415955 19 0 1 4
1.041209 19 10 10 4
0.000186 12 0 7 M
0.036493 12 0 6 M
0.050592 12 0 5 M
0.079990 12 1 5 M
0.113155 12 0 5 M
0.143903 12 0 4 M
0.188510 12 1 4 M
0.206545 12 0 4 M
0.224137 12 1 4 M
0.249952 12 0 4 M
0.260330 12 1 4 M
0.288353 12 0 4 M
0.323112 12 1 4 M
0.345870 12 1 3 M
0.390759 12 0 3 M
0.423209 12 0 4 M
0.437580 12 9 4 M
0.481271 12 9 3 M
0.498111 12 9 4 M
0.537759 12 8 4 M
0.582941 12 8 3 M
0.611198 12 9 3 M
0.624789 12 9 4 M
0.665085 12 9 3 M
0.680014 12 8 3 M
0.713678 12 7 3 M
0.727881 12 7 4 M
0.764929 12 7 5 M
0.778518 12 7 6 M
0.819296 12 7 5 M
0.836188 12 8 5 M
0.853465 12 8 4 M
0.898124 12 9 4 M
0.922601 12 9 3 M
0.945819 12 8 3 M
0.976475 12 9 3 M
1.006781 12 9 4 M
1.051555 12 8 4 M
1.051555 12 10 10 M
0.029682 24 1 3 9
0.281098 24 1 2 9
0.311541 24 1 1 9
1.190797 24 10 10 9
0.025413 17 7 6 2
0.042927 17 7 7 2
0.077918 17 8 7 2
0.103508 17 8 6 2
0.137537 17 8 5 2
0.161919 17 8 6 2
2.039793 17 10 10 2
0.014744 20 6 7 5
2.823754 20 10 10 5
0.017032 16 1 8 1
3.261379 16 10 10 1
0.014621 15 4 5 0
0.748560 15 4 4 0
0.794849 15 4 3 0
4.824794 15 10 10 0
0.000140 30 5 2 #
0.000145 34 5 4 #
0.000140 29 2 8 #
0.000137 26 3 0 #
0.000138 27 4 6 #
0.000139 28 2 9 #
0.000141 31 6 9 #
0.000143 32 1 6 #
0.000144 33 6 4 #
0.000136 25 2 7 #
