67123 1 1 0 B
31728456 1 1 1 B
70078881 1 1 2 B
104097320 1 1 3 B
138918830 1 1 0 B
152727256 1 1 1 B
152727615 1 1 2 B
173026099 1 1 3 B
214979396 1 1 0 B
229231164 1 1 1 B
251250193 1 1 2 B
270440802 1 1 3 B
303063756 1 1 0 B
326715981 1 1 1 B
353498999 1 1 2 B
399181318 1 1 3 B
437198107 1 1 0 B
476164947 1 1 1 B
476165381 1 1 2 B
517121032 1 1 3 B
547803397 1 1 0 B
587409646 1 1 1 B
587410147 1 1 2 B
606689247 1 1 3 B
652498254 1 1 0 B
668702950 1 1 1 B
668703316 1 1 2 B
715552024 1 1 3 B
764347614 1 1 0 B
797883609 1 1 1 B
812098833 1 1 2 B
829443261 1 1 3 B
860939261 1 1 0 B
881140533 1 1 1 B
903990508 1 1 2 B
936194948 1 1 3 B
959698788 1 1 0 B
1003992184 1 1 1 B
1003992439 1 1 2 B
1037453588 1 1 3 B
1083066562 1 1 0 B
1107711199 1 1 1 B
1107711489 1 1 2 B
1149196149 1 1 3 B
1160971959 1 1 0 B
1177137957 1 1 1 B
1179281080 1 1 2 B
1223987353 1 1 3 B
1273626236 1 1 0 B
1317967049 1 1 1 B
1317967261 1 1 2 B
1349370734 1 1 3 B
1378459671 1 1 0 B
1397220118 1 1 1 B
1397220835 1 1 2 B
1417409975 1 1 3 B
1466002166 1 1 0 B
1480432942 1 1 1 B
1500969607 1 1 2 B
1533468763 1 1 3 B
1555719938 1 1 0 B
1605261821 1 1 1 B
1619456112 1 1 2 B
1657632162 1 1 3 B
1684175226 1 1 0 B
1724978785 1 1 1 B
1724979059 1 1 2 B
1774456910 1 1 3 B
1806114972 1 1 0 B
1853553069 1 1 1 B
1853553363 1 1 2 B
1874356999 1 1 3 B
1911856329 1 1 0 B
1956686616 1 1 1 B
1956686865 1 1 2 B
1980204851 1 1 3 B
1993549567 1 1 0 B
2008188622 1 1 1 B
2008188906 1 1 2 B
2042165608 1 1 3 B
2057826720 1 1 0 B
2089084116 1 1 1 B
2091432937 1 1 2 B
2107859096 1 1 3 B
2123135116 1 1 0 B
2167835264 1 1 1 B
2167835681 1 1 2 B
2208384082 1 1 3 B
2248956638 1 1 0 B
2270821492 1 1 1 B
2270821817 1 1 2 B
2295985464 1 1 3 B
2310429534 1 1 0 B
2349199723 1 1 1 B
2349200054 1 1 2 B
2398767489 1 1 3 B
2425023380 1 1 0 B
2473928663 1 1 1 B
2473929055 1 1 2 B
2487976710 1 1 3 B
2504260068 1 1 0 B
2526102137 1 1 1 B
2540127145 1 1 2 B
2581962032 1 1 3 B
2601173671 1 1 0 B
2616745655 1 1 1 B
2639876484 1 1 2 B
2669272075 1 1 3 B
2714988262 1 1 0 B
2764937045 1 1 1 B
2764937528 1 1 2 B
2812514244 1 1 3 B
2839785332 1 1 0 B
2885725157 1 1 1 B
2885725547 1 1 2 B
2916196987 1 1 3 B
2941717731 1 1 0 B
2984730565 1 1 1 B
2984730894 1 1 2 B
3014733218 1 1 3 B
3053534201 1 1 0 B
3090306598 1 1 1 B
3090307008 1 1 2 B
3128703446 1 1 3 B
3159136069 1 1 0 B
3207232754 1 1 1 B
3207233118 1 1 2 B
3241906792 1 1 3 B
3281316163 1 1 0 B
3297595357 1 1 1 B
3297595727 1 1 2 B
3333969490 1 1 3 B
3361383350 1 1 0 B
3407300770 1 1 1 B
3421373891 1 1 2 B
3462837617 1 1 3 B
3482519969 1 1 0 B
3497851186 1 1 1 B
3506723835 1 1 2 B
3525993244 1 1 3 B
3546263016 1 1 0 B
3568260238 1 1 1 B
3568260587 1 1 2 B
3579661841 1 1 3 B
3624391957 1 1 0 B
3640232343 1 1 1 B
3640232693 1 1 2 B
3681728155 1 1 3 B
3707290369 1 1 0 B
3741283107 1 1 1 B
3741283422 1 1 2 B
3777081824 1 1 3 B
3800364908 1 1 0 B
3823171564 1 1 1 B
3857432503 1 1 2 B
3903094119 1 1 3 B
3944772263 1 1 0 B
3960468627 1 1 1 B
3960469096 1 1 2 B
4000524422 1 1 3 B
4043116673 1 1 0 B
4057332399 1 1 1 B
4057332689 1 1 2 B
4086134149 1 1 3 B
4104650352 1 1 0 B
4142358429 1 1 1 B
4142358756 1 1 2 B
4179139953 1 1 3 B
4203672268 1 1 0 B
4246802620 1 1 1 B
4246802962 1 1 2 B
4297123787 1 1 3 B
4309347198 1 1 0 B
4329641202 1 1 1 B
4342870902 1 1 2 B
4380845262 1 1 3 B
4408852803 1 1 0 B
4434848809 1 1 1 B
4434849205 1 1 2 B
4454054285 1 1 3 B
4487352885 1 1 0 B
4504564447 1 1 1 B
4504564805 1 1 2 B
4535436550 1 1 3 B
4570375240 1 1 0 B
4583379906 1 1 1 B
4583380244 1 1 2 B
4620392222 1 1 3 B
4646981112 1 1 0 B
4666725509 1 1 1 B
4666725844 1 1 2 B
4712076484 1 1 3 B
4757557896 1 1 0 B
4776774750 1 1 1 B
4776775134 1 1 2 B
4820039198 1 1 3 B
4867773447 1 1 0 B
4899795378 1 1 1 B
4899795701 1 1 2 B
4942677995 1 1 3 B
4956920882 1 1 0 B
4980914362 1 1 1 B
4980914688 1 1 2 B
5023543247 1 1 3 B
5067018185 1 1 0 B
5094803877 1 1 1 B
5094804196 1 1 2 B
5131205758 1 1 3 B
5169969451 1 1 0 B
5213907864 1 1 1 B
5238973274 1 1 2 B
5269868625 1 1 3 B
5313880442 1 1 0 B
5363667100 1 1 1 B
5363667423 1 1 2 B
5410920830 1 1 3 B
5425546001 1 1 0 B
5459327461 1 1 1 B
5459327832 1 1 2 B
5477494896 1 1 3 B
5510135665 1 1 0 B
5539190001 1 1 1 B
5539190310 1 1 2 B
5586204348 1 1 3 B
5635180854 1 1 0 B
5677269940 1 1 1 B
5677270304 1 1 2 B
5715950713 1 1 3 B
5761451847 1 1 0 B
5783237344 1 1 1 B
5783237669 1 1 2 B
5833558481 1 1 3 B
5858208240 1 1 0 B
5905992744 1 1 1 B
5905993016 1 1 2 B
5951089912 1 1 3 B
5967459841 1 1 0 B
110688 0 0 0 A
23334096 0 0 1 A
23383275 0 0 2 A
68969872 0 0 3 A
89648583 0 0 0 A
118539561 0 0 1 A
118539903 0 0 2 A
150381153 0 0 3 A
186318581 0 0 0 A
201718221 0 0 1 A
201718589 0 0 2 A
251146533 0 0 3 A
284634523 0 0 0 A
321376857 0 0 1 A
321377495 0 0 2 A
352426642 0 0 3 A
384710734 0 0 0 A
429773102 0 0 1 A
429773439 0 0 2 A
470666506 0 0 3 A
486592676 0 0 0 A
501824108 0 0 1 A
517229569 0 0 2 A
545450865 0 0 3 A
560996135 0 0 0 A
610825415 0 0 1 A
610825750 0 0 2 A
635069616 0 0 3 A
651279353 0 0 0 A
680846649 0 0 1 A
716752117 0 0 2 A
727845259 0 0 3 A
744013316 0 0 0 A
791626470 0 0 1 A
791626832 0 0 2 A
812005904 0 0 3 A
824247204 0 0 0 A
857768315 0 0 1 A
857768573 0 0 2 A
902922223 0 0 3 A
938331201 0 0 0 A
954596907 0 0 1 A
954597080 0 0 2 A
1003902185 0 0 3 A
1022104076 0 0 0 A
1071813473 0 0 1 A
1071813792 0 0 2 A
1089323007 0 0 3 A
1114950835 0 0 0 A
1158562432 0 0 1 A
1158562710 0 0 2 A
1178212009 0 0 3 A
1197658469 0 0 0 A
1243313960 0 0 1 A
1243315281 0 0 2 A
1273650382 0 0 3 A
1299830522 0 0 0 A
1324276771 0 0 1 A
1349466767 0 0 2 A
1392830941 0 0 3 A
1438686106 0 0 0 A
1478199913 0 0 1 A
1478200340 0 0 2 A
1500937634 0 0 3 A
1532178449 0 0 0 A
1581886497 0 0 1 A
1581886764 0 0 2 A
1619337340 0 0 3 A
1630633833 0 0 0 A
1647849729 0 0 1 A
1658770674 0 0 2 A
1692638207 0 0 3 A
1739216139 0 0 0 A
1783703658 0 0 1 A
1783703947 0 0 2 A
1798908214 0 0 3 A
1841368481 0 0 0 A
1866862798 0 0 1 A
1874377601 0 0 2 A
1902722559 0 0 3 A
1932102238 0 0 0 A
1978061978 0 0 1 A
1980207694 0 0 2 A
2006959790 0 0 3 A
2031704980 0 0 0 A
2050482399 0 0 1 A
2050482689 0 0 2 A
2091331464 0 0 3 A
2105515894 0 0 0 A
2124211916 0 0 1 A
2124212326 0 0 2 A
2146593031 0 0 3 A
2177096645 0 0 0 A
2197297101 0 0 1 A
2208408399 0 0 2 A
2229740919 0 0 3 A
2259347969 0 0 0 A
2297061596 0 0 1 A
2297061928 0 0 2 A
2334814443 0 0 3 A
2346000161 0 0 0 A
2373589233 0 0 1 A
2398871658 0 0 2 A
2445372647 0 0 3 A
2480350634 0 0 0 A
2513578894 0 0 1 A
2513579216 0 0 2 A
2539057988 0 0 3 A
2575422401 0 0 0 A
2602252916 0 0 1 A
2602253303 0 0 2 A
2639754108 0 0 3 A
2674489433 0 0 0 A
2688788057 0 0 1 A
2688788453 0 0 2 A
2730423121 0 0 3 A
2765036370 0 0 0 A
2797257461 0 0 1 A
2812624650 0 0 2 A
2862205200 0 0 3 A
2888101235 0 0 0 A
2906386521 0 0 1 A
2917267151 0 0 2 A
2954196121 0 0 3 A
3000219728 0 0 0 A
3043132613 0 0 1 A
3043133272 0 0 2 A
3061998225 0 0 3 A
3079129186 0 0 0 A
3093740529 0 0 1 A
3129784808 0 0 2 A
3142946192 0 0 3 A
3186686799 0 0 0 A
3217744986 0 0 1 A
3242988883 0 0 2 A
3280233761 0 0 3 A
3311990494 0 0 0 A
3326275560 0 0 1 A
3335057887 0 0 2 A
3350269243 0 0 3 A
3362764133 0 0 0 A
3385120286 0 0 1 A
3385120626 0 0 2 A
3420303844 0 0 3 A
3438623954 0 0 0 A
3482411335 0 0 1 A
3482411955 0 0 2 A
3506686756 0 0 3 A
3557768949 0 0 0 A
3590906168 0 0 1 A
3590906524 0 0 2 A
3625693591 0 0 3 A
3648771432 0 0 0 A
3663033398 0 0 1 A
3682812800 0 0 2 A
3719744940 0 0 3 A
3766599814 0 0 0 A
3812735200 0 0 1 A
3812735529 0 0 2 A
3857325972 0 0 3 A
3883718644 0 0 0 A
3911436490 0 0 1 A
3911436916 0 0 2 A
3950113130 0 0 3 A
3960504350 0 0 0 A
3977721703 0 0 1 A
4000528051 0 0 2 A
4014788061 0 0 3 A
4040975626 0 0 0 A
4064495566 0 0 1 A
4087203799 0 0 2 A
4105954652 0 0 3 A
4130137971 0 0 0 A
4163913712 0 0 1 A
4180219826 0 0 2 A
4221230316 0 0 3 A
4244444801 0 0 0 A
4267320281 0 0 1 A
4297229301 0 0 2 A
4341859479 0 0 3 A
4354356877 0 0 0 A
4387366752 0 0 1 A
4387367085 0 0 2 A
4415371022 0 0 3 A
4431641063 0 0 0 A
4447357392 0 0 1 A
4454056814 0 0 2 A
4487348083 0 0 3 A
4521021573 0 0 0 A
4545904485 0 0 1 A
4545904848 0 0 2 A
4576891366 0 0 3 A
4599883904 0 0 0 A
4617175335 0 0 1 A
4621599073 0 0 2 A
4642758501 0 0 3 A
4665368900 0 0 0 A
4711975665 0 0 1 A
4713048021 0 0 2 A
4730342092 0 0 3 A
4777869991 0 0 0 A
4813162985 0 0 1 A
4820136608 0 0 2 A
4837454104 0 0 3 A
4873305701 0 0 0 A
4916304370 0 0 1 A
4942682215 0 0 2 A
4973415581 0 0 3 A
4993354187 0 0 0 A
5013668883 0 0 1 A
5024647792 0 0 2 A
5056819617 0 0 3 A
5094648594 0 0 0 A
5127873482 0 0 1 A
5131299344 0 0 2 A
5163736348 0 0 3 A
5180322945 0 0 0 A
5209651098 0 0 1 A
5209651451 0 0 2 A
5237894976 0 0 3 A
5267359611 0 0 0 A
5296283944 0 0 1 A
5296284407 0 0 2 A
5309628164 0 0 3 A
5337237861 0 0 0 A
5375998022 0 0 1 A
5412003138 0 0 2 A
5458032409 0 0 3 A
5478675508 0 0 0 A
5506969021 0 0 1 A
5506969356 0 0 2 A
5518745687 0 0 3 A
5564758136 0 0 0 A
5594674068 0 0 1 A
5594674449 0 0 2 A
5619967991 0 0 3 A
5655771167 0 0 0 A
5692713682 0 0 1 A
5716922768 0 0 2 A
5745195897 0 0 3 A
5781937157 0 0 0 A
5814917939 0 0 1 A
5833696342 0 0 2 A
5857125722 0 0 3 A
5875721686 0 0 0 A
5914187339 0 0 1 A
5952159285 0 0 2 A
5967538729 0 0 3 A
5983747550 0 0 0 A
6015013442 0 0 1 A
6015013825 0 0 2 A
6039345357 0 0 3 A
6070828234 0 0 0 A
6083096390 0 0 1 A
6083096722 0 0 2 A
6126381768 0 0 3 A
6169722198 0 0 0 A
6207016729 0 0 1 A
6207017097 0 0 2 A
6239294507 0 0 3 A
6285677892 0 0 0 A
6317966931 0 0 1 A
6317967268 0 0 2 A
6334240165 0 0 3 A
6370650189 0 0 0 A
6401824817 0 0 1 A
6401825140 0 0 2 A
6428982389 0 0 3 A
6440133673 0 0 0 A
6462312604 0 0 1 A
6462312886 0 0 2 A
6499513980 0 0 3 A
6512756188 0 0 0 A
6537936631 0 0 1 A
6537936902 0 0 2 A
6565093251 0 0 3 A
6591205815 0 0 0 A
6611384494 0 0 1 A
6611384762 0 0 2 A
6649625339 0 0 3 A
6677772969 0 0 0 A
6705979041 0 0 1 A
6705979537 0 0 2 A
6732136537 0 0 3 A
6768286673 0 0 0 A
6803596817 0 0 1 A
6803597132 0 0 2 A
6837896286 0 0 3 A
6871174798 0 0 0 A
6901388794 0 0 1 A
6901389177 0 0 2 A
6930729372 0 0 3 A
6955021491 0 0 0 A
6986297954 0 0 1 A
6986298307 0 0 2 A
7001680255 0 0 3 A
7018972156 0 0 0 A
7069259233 0 0 1 A
7069259575 0 0 2 A
7115638137 0 0 3 A
7161907775 0 0 0 A
7208084119 0 0 1 A
7208084442 0 0 2 A
7230328896 0 0 3 A
7270537244 0 0 0 A
7310817002 0 0 1 A
7310817346 0 0 2 A
7360059945 0 0 3 A
7378297045 0 0 0 A
7404469218 0 0 1 A
7404469770 0 0 2 A
7420733061 0 0 3 A
7455993279 0 0 0 A
7505265955 0 0 1 A
7505266310 0 0 2 A
7532592328 0 0 3 A
7548887312 0 0 0 A
7572071463 0 0 1 A
7572071923 0 0 2 A
7590321826 0 0 3 A
7639598672 0 0 0 A
7688919389 0 0 1 A
7688919876 0 0 2 A
7735216131 0 0 3 A
7765495212 0 0 0 A
7782757126 0 0 1 A
7782757495 0 0 2 A
7802914574 0 0 3 A
7819185472 0 0 0 A
-1 2 2 4 Local_Section;Entry_Protocol;Critical_Section;Exit_Protocol;EXTRA_LABEL;
