-1 15 15 15
0.000306 4 4 4 E
0.074564 4 4 5 E
0.107445 4 4 6 E
0.149563 4 4 7 E
0.161450 4 4 8 E
0.185998 4 4 9 E
0.224459 4 4 10 E
0.261667 4 4 11 E
0.310190 4 4 12 E
0.343245 4 4 13 E
0.356625 4 4 14 E
0.000266 6 6 6 G
0.027287 6 6 7 G
0.050257 6 6 8 G
0.097736 6 6 9 G
0.143236 6 6 10 G
0.160249 6 6 11 G
0.176155 6 6 12 G
0.225546 6 6 13 G
0.271541 6 6 14 G
0.315771 6 6 0 G
0.327888 6 6 1 G
0.376356 6 6 2 G
0.392515 6 6 3 G
0.000262 12 12 12 M
0.015773 12 12 13 M
0.058834 12 12 14 M
0.087048 12 12 0 M
0.097718 12 12 1 M
0.113790 12 12 2 M
0.126458 12 12 3 M
0.162546 12 12 4 M
0.197752 12 12 5 M
0.214604 12 12 6 M
0.229135 12 12 7 M
0.274920 12 12 8 M
0.294242 12 12 9 M
0.311266 12 12 10 M
0.357911 12 12 11 M
0.397233 12 12 12 M
0.435263 12 12 13 M
0.473385 12 12 14 M
0.511147 12 12 0 M
0.539066 12 12 1 M
0.563065 12 12 2 M
0.599433 12 12 3 M
0.650015 12 12 4 M
0.000278 3 3 3 D
0.021986 3 2 3 D
0.051417 3 1 3 D
0.090350 3 0 3 D
0.112722 3 14 3 D
0.125485 3 13 3 D
0.162548 3 12 3 D
0.181408 3 11 3 D
0.242521 3 10 3 D
0.278334 3 9 3 D
0.309097 3 8 3 D
0.347694 3 7 3 D
1.143985 3 7 3 d
0.000269 1 1 1 B
0.030440 1 0 1 B
0.077839 1 14 1 B
0.089156 1 13 1 B
0.113793 1 12 1 B
0.151884 1 11 1 B
0.197675 1 10 1 B
0.239199 1 9 1 B
0.281881 1 8 1 B
0.326742 1 7 1 B
0.376360 1 6 1 B
0.391316 1 5 1 B
0.403676 1 4 1 B
0.427581 1 3 1 B
0.466448 1 2 1 B
0.515456 1 1 1 B
0.536699 1 0 1 B
0.552464 1 14 1 B
0.572804 1 13 1 B
0.606190 1 12 1 B
0.634463 1 11 1 B
0.683456 1 10 1 B
0.698602 1 9 1 B
0.747190 1 8 1 B
0.777463 1 7 1 B
0.794909 1 6 1 B
0.838630 1 5 1 B
0.871918 1 4 1 B
0.920505 1 3 1 B
1.001971 1 2 1 B
1.038621 1 1 1 B
1.080052 1 0 1 B
1.127933 1 14 1 B
1.144088 1 13 1 B
1.191970 1 12 1 B
1.242035 1 11 1 B
0.000267 10 10 10 K
0.013620 10 10 11 K
0.041844 10 10 12 K
0.072335 10 10 13 K
0.094488 10 10 14 K
0.125386 10 10 0 K
0.150814 10 10 1 K
0.197672 10 10 2 K
0.221121 10 10 3 K
0.242518 10 10 4 K
0.291961 10 10 5 K
0.336624 10 10 6 K
0.363415 10 10 7 K
0.380605 10 10 8 K
0.425240 10 10 9 K
0.459990 10 10 10 K
0.501063 10 10 11 K
0.541312 10 10 12 K
0.556566 10 10 13 K
0.575053 10 10 14 K
0.600605 10 10 0 K
0.637850 10 10 1 K
0.682306 10 10 2 K
0.720172 10 10 3 K
0.760929 10 10 4 K
0.805896 10 10 5 K
0.839825 10 10 6 K
0.854841 10 10 7 K
0.878570 10 10 8 K
0.969471 10 10 9 K
0.993545 10 10 10 K
1.027744 10 10 11 K
1.065062 10 10 12 K
1.094951 10 10 13 K
1.126854 10 10 14 K
1.168260 10 10 0 K
1.180276 10 10 1 K
1.208983 10 10 2 K
1.240828 10 10 3 K
1.257248 10 10 4 K
1.305934 10 10 5 K
1.327715 10 10 6 K
1.364985 10 10 7 K
1.411040 10 10 8 K
1.468583 10 10 9 K
1.513845 10 10 10 K
1.524238 10 10 11 K
1.545564 10 10 12 K
1.556925 10 10 13 K
1.591550 10 10 14 K
0.000277 8 8 8 I
0.039832 8 8 9 I
0.078888 8 8 10 I
0.126457 8 8 11 I
0.154004 8 8 12 I
0.202066 8 8 13 I
0.250299 8 8 14 I
0.279488 8 8 0 I
0.326747 8 8 1 I
0.340832 8 8 2 I
0.355450 8 8 3 I
0.380527 8 8 4 I
0.412198 8 8 5 I
0.439616 8 8 6 I
0.492222 8 8 7 I
0.507891 8 8 8 I
0.533396 8 8 9 I
0.565393 8 8 10 I
0.579389 8 8 11 I
0.626619 8 8 12 I
0.648702 8 8 13 I
0.696373 8 8 14 I
0.709745 8 8 0 I
0.728275 8 8 1 I
0.744985 8 8 2 I
0.788327 8 8 3 I
0.837454 8 8 4 I
0.882921 8 8 5 I
0.928406 8 8 6 I
0.976470 8 8 7 I
1.021290 8 8 8 I
1.035438 8 8 9 I
1.049498 8 8 10 I
1.095013 8 8 11 I
1.142780 8 8 12 I
1.155257 8 8 13 I
1.180361 8 8 14 I
1.193059 8 8 0 I
1.210197 8 8 1 I
1.228645 8 8 2 I
1.272488 8 8 3 I
1.315832 8 8 4 I
1.358217 8 8 5 I
1.385134 8 8 6 I
1.398859 8 8 7 I
1.432287 8 8 8 I
1.464258 8 8 9 I
1.490924 8 8 10 I
1.525220 8 8 11 I
1.569086 8 8 12 I
1.592697 8 8 13 I
1.618947 8 8 14 I
1.648282 8 8 0 I
1.675423 8 8 1 I
1.686137 8 8 2 I
1.733511 8 8 3 I
1.751567 8 8 4 I
0.000266 7 7 7 H
0.023054 7 8 7 H
0.039763 7 9 7 H
0.051327 7 10 7 H
0.100889 7 11 7 H
0.129767 7 12 7 H
0.167872 7 13 7 H
0.181407 7 14 7 H
0.209407 7 0 7 H
0.240286 7 1 7 H
0.288406 7 2 7 H
0.323521 7 3 7 H
0.355534 7 4 7 H
0.374065 7 5 7 H
0.416481 7 6 7 H
0.429968 7 7 7 H
0.468834 7 8 7 H
0.492215 7 9 7 H
0.522796 7 10 7 H
0.552360 7 11 7 H
0.565383 7 12 7 H
0.604031 7 13 7 H
0.632203 7 14 7 H
0.643187 7 0 7 H
0.685604 7 1 7 H
0.728281 7 2 7 H
0.744978 7 3 7 H
0.775318 7 4 7 H
0.823432 7 5 7 H
0.859304 7 6 7 H
0.895467 7 7 7 H
0.929389 7 8 7 H
0.975303 7 9 7 H
1.002003 7 10 7 H
1.017984 7 11 7 H
1.059558 7 12 7 H
1.084654 7 13 7 H
1.129192 7 14 7 H
1.156392 7 0 7 H
1.166998 7 1 7 H
1.180356 7 2 7 H
1.215628 7 3 7 H
1.228511 7 4 7 H
1.249649 7 5 7 H
1.260462 7 6 7 H
1.282231 7 7 7 H
1.326538 7 8 7 H
1.355540 7 9 7 H
1.411047 7 10 7 H
1.429967 7 11 7 H
1.443807 7 12 7 H
1.459512 7 13 7 H
1.497780 7 14 7 H
1.543122 7 0 7 H
1.589231 7 1 7 H
1.601085 7 2 7 H
1.621279 7 3 7 H
1.653721 7 4 7 H
1.665529 7 5 7 H
1.677766 7 6 7 H
1.715169 7 7 7 H
1.742020 7 8 7 H
1.753993 7 9 7 H
1.780439 7 10 7 H
1.805240 7 11 7 H
1.832659 7 12 7 H
0.000268 11 11 11 L
0.041849 11 10 11 L
0.087049 11 9 11 L
0.154004 11 8 11 L
0.193309 11 7 11 L
0.235906 11 6 11 L
0.286234 11 5 11 L
0.325666 11 4 11 L
0.346605 11 3 11 L
0.387037 11 2 11 L
0.426504 11 1 11 L
0.450244 11 0 11 L
0.470010 11 14 11 L
0.481274 11 13 11 L
0.505412 11 12 11 L
0.550215 11 11 11 L
0.586007 11 10 11 L
0.610956 11 9 11 L
0.629033 11 8 11 L
0.666637 11 7 11 L
0.702126 11 6 11 L
0.728278 11 5 11 L
0.746152 11 4 11 L
0.779896 11 3 11 L
0.823332 11 2 11 L
0.834182 11 1 11 L
0.848316 11 0 11 L
0.873035 11 14 11 L
0.918961 11 13 11 L
0.931523 11 12 11 L
0.961086 11 11 11 L
0.992462 11 10 11 L
1.022553 11 9 11 L
1.058355 11 8 11 L
1.077828 11 7 11 L
1.099296 11 6 11 L
1.115108 11 5 11 L
1.144081 11 4 11 L
1.180437 11 3 11 L
1.204663 11 2 11 L
1.221018 11 1 11 L
1.245257 11 0 11 L
1.279049 11 14 11 L
1.310273 11 13 11 L
1.357124 11 12 11 L
1.383920 11 11 11 L
1.409702 11 10 11 L
1.449080 11 9 11 L
1.492023 11 8 11 L
1.525216 11 7 11 L
1.556809 11 6 11 L
1.576390 11 5 11 L
1.599978 11 4 11 L
1.625733 11 3 11 L
1.656036 11 2 11 L
1.672206 11 1 11 L
1.698998 11 0 11 L
1.715163 11 14 11 L
1.734758 11 13 11 L
1.756313 11 12 11 L
1.796415 11 11 11 L
1.826125 11 10 11 L
1.857016 11 9 11 L
0.000256 13 13 13 N
0.012531 13 14 13 N
0.069975 13 0 13 N
0.113872 13 1 13 N
0.128695 13 2 13 N
0.154105 13 3 13 N
0.196578 13 4 13 N
0.235899 13 5 13 N
0.271549 13 6 13 N
0.290646 13 7 13 N
0.320178 13 8 13 N
0.361260 13 9 13 N
0.393892 13 10 13 N
0.434174 13 11 13 N
0.473392 13 12 13 N
0.498703 13 13 13 N
0.511154 13 14 13 N
0.538983 13 0 13 N
0.584824 13 1 13 N
0.615333 13 2 13 N
0.650009 13 3 13 N
0.698732 13 4 13 N
0.746078 13 5 13 N
0.762050 13 6 13 N
0.773089 13 7 13 N
0.785069 13 8 13 N
0.801356 13 9 13 N
0.834101 13 10 13 N
0.878564 13 11 13 N
0.925708 13 12 13 N
0.940119 13 13 13 N
0.979022 13 14 13 N
1.013641 13 0 13 N
1.050730 13 1 13 N
1.066153 13 2 13 N
1.110636 13 3 13 N
1.159613 13 4 13 N
1.171441 13 5 13 N
1.204750 13 6 13 N
1.229905 13 7 13 N
1.252938 13 8 13 N
1.277727 13 9 13 N
1.289923 13 10 13 N
1.315755 13 11 13 N
1.345944 13 12 13 N
1.363690 13 13 13 N
1.377393 13 14 13 N
1.413355 13 0 13 N
1.439245 13 1 13 N
1.479398 13 2 13 N
1.497674 13 3 13 N
1.544381 13 4 13 N
1.560261 13 5 13 N
1.608422 13 6 13 N
1.636461 13 7 13 N
1.677676 13 8 13 N
1.697807 13 9 13 N
1.715067 13 10 13 N
1.762803 13 11 13 N
1.786861 13 12 13 N
1.803080 13 13 13 N
1.836058 13 14 13 N
1.858253 13 0 13 N
1.884015 13 1 13 N
1.917074 13 2 13 N
1.929090 13 3 13 N
1.948707 13 4 13 N
1.980630 13 5 13 N
0.000286 9 9 9 J
0.011437 9 10 9 J
0.039705 9 11 9 J
0.076701 9 12 9 J
0.104117 9 13 9 J
0.122157 9 14 9 J
0.150728 9 0 9 J
0.183561 9 1 9 J
0.215694 9 2 9 J
0.251390 9 3 9 J
0.262977 9 4 9 J
0.290643 9 5 9 J
0.335506 9 6 9 J
0.375161 9 7 9 J
0.393884 9 8 9 J
0.422069 9 9 9 J
0.459996 9 10 9 J
0.482600 9 11 9 J
0.532422 9 12 9 J
0.547844 9 13 9 J
0.580478 9 14 9 J
0.629039 9 0 9 J
0.649926 9 1 9 J
0.690934 9 2 9 J
0.725914 9 3 9 J
0.750571 9 4 9 J
0.790481 9 5 9 J
0.821022 9 6 9 J
0.852505 9 7 9 J
0.878440 9 8 9 J
0.905991 9 9 9 J
0.919208 9 10 9 J
0.969453 9 11 9 J
1.007242 9 12 9 J
1.033110 9 13 9 J
1.057145 9 14 9 J
1.080042 9 0 9 J
1.108480 9 1 9 J
1.145165 9 2 9 J
1.176825 9 3 9 J
1.221023 9 4 9 J
1.237463 9 5 9 J
1.263686 9 6 9 J
1.302346 9 7 9 J
1.352329 9 8 9 J
1.387475 9 9 9 J
1.437042 9 10 9 J
1.468578 9 11 9 J
1.507216 9 12 9 J
1.526301 9 13 9 J
1.570179 9 14 9 J
1.583961 9 0 9 J
1.634130 9 1 9 J
1.660232 9 2 9 J
1.709551 9 3 9 J
1.752728 9 4 9 J
1.765181 9 5 9 J
1.791053 9 6 9 J
1.814684 9 7 9 J
1.828455 9 8 9 J
1.869345 9 9 9 J
1.909254 9 10 9 J
1.932552 9 11 9 J
1.982954 9 12 9 J
0.000280 5 5 5 F
0.024128 5 4 5 F
0.074544 5 3 5 F
0.117985 5 2 5 F
0.138096 5 1 5 F
0.182480 5 0 5 F
0.226921 5 14 5 F
0.243597 5 13 5 F
0.271651 5 12 5 F
0.320359 5 11 5 F
0.353202 5 10 5 F
0.376439 5 9 5 F
0.439622 5 8 5 F
0.457716 5 7 5 F
0.487043 5 6 5 F
0.501056 5 5 5 F
0.543543 5 4 5 F
0.572797 5 3 5 F
0.595260 5 2 5 F
0.634460 5 1 5 F
0.645331 5 0 5 F
0.693266 5 14 5 F
0.721433 5 13 5 F
0.747211 5 12 5 F
0.790485 5 11 5 F
0.839831 5 10 5 F
0.887281 5 9 5 F
0.928412 5 8 5 F
0.971977 5 7 5 F
1.012401 5 6 5 F
1.028950 5 5 5 F
1.059640 5 4 5 F
1.109563 5 3 5 F
1.147382 5 2 5 F
1.178003 5 1 5 F
1.212501 5 0 5 F
1.225218 5 14 5 F
1.266058 5 13 5 F
1.291053 5 12 5 F
1.304567 5 11 5 F
1.327721 5 10 5 F
1.374963 5 9 5 F
1.420687 5 8 5 F
1.467486 5 7 5 F
1.497787 5 6 5 F
1.518481 5 5 5 F
1.567989 5 4 5 F
1.612600 5 3 5 F
1.656030 5 2 5 F
1.701182 5 1 5 F
1.751564 5 0 5 F
1.772375 5 14 5 F
1.798782 5 13 5 F
1.833828 5 12 5 F
1.862465 5 11 5 F
1.912617 5 10 5 F
1.925676 5 9 5 F
1.941908 5 8 5 F
1.979544 5 7 5 F
2.012802 5 6 5 F
2.040491 5 5 5 F
2.053677 5 4 5 F
2.079007 5 3 5 F
2.127443 5 2 5 F
0.000279 2 2 2 C
0.051418 2 2 3 C
0.094570 2 2 4 C
0.138097 2 2 5 C
0.180321 2 2 6 C
0.195471 2 2 7 C
0.221114 2 2 8 C
0.251393 2 2 9 C
0.279512 2 2 10 C
0.297458 2 2 11 C
0.328988 2 2 12 C
0.361371 2 2 13 C
0.404902 2 2 14 C
0.437457 2 2 0 C
0.515463 2 2 1 C
0.561970 2 2 2 C
0.610951 2 2 3 C
0.655108 2 2 4 C
0.704442 2 2 5 C
0.732457 2 2 6 C
0.772987 2 2 7 C
0.804553 2 2 8 C
0.815543 2 2 9 C
0.839921 2 2 10 C
0.869675 2 2 11 C
0.885255 2 2 12 C
0.900725 2 2 13 C
0.915563 2 2 14 C
0.937946 2 2 0 C
0.951764 2 2 1 C
1.001964 2 2 2 C
1.047350 2 2 3 C
1.083415 2 2 4 C
1.098153 2 2 5 C
1.124722 2 2 6 C
1.159620 2 2 7 C
1.177979 2 2 8 C
1.205747 2 2 9 C
1.235145 2 2 10 C
1.285446 2 2 11 C
1.327611 2 2 12 C
1.368142 2 2 13 C
1.387297 2 2 14 C
1.403354 2 2 0 C
1.434453 2 2 1 C
1.471928 2 2 2 C
1.493272 2 2 3 C
1.516129 2 2 4 C
1.564609 2 2 5 C
1.591545 2 2 6 C
1.621289 2 2 7 C
1.670032 2 2 8 C
1.709633 2 2 9 C
1.726053 2 2 10 C
1.750478 2 2 11 C
1.778205 2 2 12 C
1.825121 2 2 13 C
1.868259 2 2 14 C
1.890461 2 2 0 C
1.930322 2 2 1 C
1.946441 2 2 2 C
1.990239 2 2 3 C
2.037312 2 2 4 C
2.055969 2 2 5 C
2.099524 2 2 6 C
2.120822 2 2 7 C
2.144798 2 2 8 C
0.000271 14 14 14 O
0.069975 14 14 13 O
0.094571 14 14 12 O
0.108516 14 14 11 O
0.136116 14 14 10 O
0.160397 14 14 9 O
0.202162 14 14 8 O
0.219994 14 14 7 O
0.245818 14 14 6 O
0.267325 14 14 5 O
0.284164 14 14 4 O
0.303727 14 14 3 O
0.329055 14 14 2 O
0.372939 14 14 1 O
0.390236 14 14 0 O
0.438543 14 14 14 O
0.483685 14 14 13 O
0.501141 14 14 12 O
0.532312 14 14 11 O
0.562052 14 14 10 O
0.629042 14 14 9 O
0.656362 14 14 8 O
0.698605 14 14 7 O
0.727189 14 14 6 O
0.768520 14 14 5 O
0.813244 14 14 4 O
0.827648 14 14 3 O
0.855008 14 14 2 O
0.874128 14 14 1 O
0.885117 14 14 0 O
0.927228 14 14 14 O
0.937939 14 14 13 O
0.978830 14 14 12 O
1.021374 14 14 11 O
1.039698 14 14 10 O
1.080048 14 14 9 O
1.119302 14 14 8 O
1.156398 14 14 7 O
1.187691 14 14 6 O
1.266066 14 14 5 O
1.315748 14 14 4 O
1.356723 14 14 3 O
1.368226 14 14 2 O
1.379560 14 14 1 O
1.409793 14 14 0 O
1.441573 14 14 14 O
1.465335 14 14 13 O
1.511563 14 14 12 O
1.522854 14 14 11 O
1.538763 14 14 10 O
1.583968 14 14 9 O
1.608475 14 14 8 O
1.645975 14 14 7 O
1.696531 14 14 6 O
1.726046 14 14 5 O
1.756328 14 14 4 O
1.774819 14 14 3 O
1.825036 14 14 2 O
1.866961 14 14 1 O
1.879614 14 14 0 O
1.908003 14 14 14 O
1.950020 14 14 13 O
1.964133 14 14 12 O
1.998510 14 14 11 O
2.025104 14 14 10 O
2.064551 14 14 9 O
2.080291 14 14 8 O
2.121939 14 14 7 O
2.167348 14 14 6 O
2.200003 14 14 5 O
2.234778 14 14 4 O
2.262445 14 14 3 O
2.283629 14 14 2 O
2.320231 14 14 1 O
2.364074 14 14 0 O
2.401824 14 14 14 O
2.431568 14 14 13 O
2.458386 14 14 12 O
2.493596 14 14 11 O
2.528148 14 14 10 O
2.541894 14 14 9 O
2.564127 14 14 8 O
2.581737 14 14 7 O
2.608055 14 14 6 O
2.648704 14 14 5 O
2.669472 14 14 4 O
0.000273 0 0 0 A
0.020888 0 0 14 A
0.053464 0 0 13 A
0.069973 0 0 12 A
0.105195 0 0 11 A
0.147428 0 0 10 A
0.183565 0 0 9 A
0.207255 0 0 8 A
0.240290 0 0 7 A
0.284070 0 0 6 A
0.327989 0 0 5 A
0.351004 0 0 4 A
0.385833 0 0 3 A
0.417725 0 0 2 A
0.449261 0 0 1 A
0.487036 0 0 0 A
0.499933 0 0 14 A
0.511240 0 0 13 A
0.538977 0 0 12 A
0.567542 0 0 11 A
0.615413 0 0 10 A
0.649932 0 0 9 A
0.669996 0 0 8 A
0.685616 0 0 7 A
0.696367 0 0 6 A
0.732463 0 0 5 A
0.762293 0 0 4 A
0.778639 0 0 3 A
0.810069 0 0 2 A
0.839927 0 0 1 A
0.887359 0 0 0 A
0.908296 0 0 14 A
0.947547 0 0 13 A
0.962161 0 0 12 A
0.998715 0 0 11 A
1.046065 0 0 10 A
1.062851 0 0 9 A
1.077929 0 0 8 A
1.123486 0 0 7 A
1.136384 0 0 6 A
1.176916 0 0 5 A
1.212496 0 0 4 A
1.234074 0 0 3 A
1.262606 0 0 2 A
1.289929 0 0 1 A
1.321031 0 0 0 A
1.352321 0 0 14 A
1.372515 0 0 13 A
1.404438 0 0 12 A
1.432384 0 0 11 A
1.455292 0 0 10 A
1.498909 0 0 9 A
1.527374 0 0 8 A
1.589237 0 0 7 A
1.617791 0 0 6 A
1.649525 0 0 5 A
1.668775 0 0 4 A
1.708465 0 0 3 A
1.720637 0 0 2 A
1.744174 0 0 1 A
1.785683 0 0 0 A
1.813508 0 0 14 A
1.833909 0 0 13 A
1.849419 0 0 12 A
1.892608 0 0 11 A
1.943139 0 0 10 A
1.972329 0 0 9 A
2.012707 0 0 8 A
2.062204 0 0 7 A
2.079001 0 0 6 A
2.126175 0 0 5 A
2.162130 0 0 4 A
2.179703 0 0 3 A
2.218394 0 0 2 A
2.261190 0 0 1 A
2.289924 0 0 0 A
2.335599 0 0 14 A
2.377409 0 0 13 A
2.415187 0 0 12 A
2.450991 0 0 11 A
2.498786 0 0 10 A
2.531509 0 0 9 A
2.567368 0 0 8 A
2.610221 0 0 7 A
2.637403 0 0 6 A
2.660099 0 0 5 A
2.709843 0 0 4 A
2.721109 0 0 3 A
2.759344 0 0 2 A
2.799636 0 0 1 A
2.823003 0 0 0 A
2.862203 0 0 14 A
2.878481 0 0 13 A
2.900710 0 0 12 A
2.944001 0 0 11 A
2.957267 0 0 10 A
