-1 15 15 15
0.000315 6 6 6 G
0.046682 6 6 7 G
0.092418 6 6 8 G
0.113403 6 6 9 G
0.159008 6 6 10 G
0.208654 6 6 11 G
0.235319 6 6 12 G
0.281811 6 6 13 G
0.327529 6 6 14 G
0.369272 6 6 0 G
0.407722 6 6 1 G
0.421302 6 6 2 G
0.000319 11 11 11 L
0.011476 11 12 11 L
0.030333 11 13 11 L
0.067933 11 14 11 L
0.084056 11 0 11 L
0.111290 11 1 11 L
0.161122 11 2 11 L
0.185493 11 3 11 L
0.211957 11 4 11 L
0.235208 11 5 11 L
0.249272 11 6 11 L
0.266960 11 7 11 L
0.297118 11 8 11 L
0.331732 11 9 11 L
0.353385 11 10 11 L
0.363920 11 11 11 L
0.410918 11 12 11 L
0.442788 11 13 11 L
0.484267 11 14 11 L
0.528739 11 0 11 L
0.542255 11 1 11 L
0.588963 11 2 11 L
0.613554 11 3 11 L
0.648731 11 4 11 L
0.676484 11 5 11 L
0.719700 11 6 11 L
0.763445 11 7 11 L
0.794844 11 8 11 L
0.836879 11 9 11 L
0.864039 11 10 11 L
0.879791 11 11 11 L
0.931272 11 12 11 L
0.000317 8 8 8 I
0.053129 8 8 9 I
0.099894 8 8 10 I
0.113403 8 8 11 I
0.130431 8 8 12 I
0.176845 8 8 13 I
0.204418 8 8 14 I
0.242963 8 8 0 I
0.270188 8 8 1 I
0.290686 8 8 2 I
0.329680 8 8 3 I
0.376999 8 8 4 I
0.414489 8 8 5 I
0.448464 8 8 6 I
0.494537 8 8 7 I
0.517588 8 8 8 I
0.532249 8 8 9 I
0.574915 8 8 10 I
0.589050 8 8 11 I
0.624566 8 8 12 I
0.668743 8 8 13 I
0.698689 8 8 14 I
0.720774 8 8 0 I
0.773237 8 8 1 I
0.792699 8 8 2 I
0.813848 8 8 3 I
0.852950 8 8 4 I
0.938552 8 8 5 I
0.957259 8 8 6 I
0.974909 8 8 7 I
0.992851 8 8 8 I
1.025383 8 8 9 I
1.074429 8 8 10 I
1.104980 8 8 11 I
1.139386 8 8 12 I
1.170601 8 8 13 I
1.208820 8 8 14 I
1.235512 8 8 0 I
1.278560 8 8 1 I
0.000309 14 14 14 O
0.043460 14 14 0 O
0.087258 14 14 1 O
0.121948 14 14 2 O
0.157739 14 14 3 O
0.186565 14 14 4 O
0.224633 14 14 5 O
0.237543 14 14 6 O
0.270270 14 14 7 O
0.317560 14 14 8 O
0.358661 14 14 9 O
0.405400 14 14 10 O
0.428970 14 14 11 O
0.443871 14 14 12 O
0.473926 14 14 13 O
0.489816 14 14 14 O
0.516473 14 14 0 O
0.546753 14 14 1 O
0.595504 14 14 2 O
0.634751 14 14 3 O
0.649808 14 14 4 O
0.676376 14 14 5 O
0.726284 14 14 6 O
0.770025 14 14 7 O
0.806129 14 14 8 O
0.822969 14 14 9 O
0.850688 14 14 10 O
0.870710 14 14 11 O
0.903699 14 14 12 O
0.916752 14 14 13 O
0.943886 14 14 14 O
0.974856 14 14 0 O
0.986314 14 14 1 O
1.025389 14 14 2 O
1.045299 14 14 3 O
1.075508 14 14 4 O
1.090667 14 14 5 O
1.110831 14 14 6 O
1.153414 14 14 7 O
1.192412 14 14 8 O
1.214202 14 14 9 O
1.226960 14 14 10 O
1.242938 14 14 11 O
1.278366 14 14 12 O
1.316724 14 14 13 O
1.349197 14 14 14 O
1.361540 14 14 0 O
1.404500 14 14 1 O
1.418342 14 14 2 O
1.453322 14 14 3 O
0.000324 13 13 13 N
0.016717 13 12 13 N
0.032547 13 11 13 N
0.059332 13 10 13 N
0.072072 13 9 13 N
0.109085 13 8 13 N
0.120712 13 7 13 N
0.161026 13 6 13 N
0.191757 13 5 13 N
0.222485 13 4 13 N
0.272407 13 3 13 N
0.290570 13 2 13 N
0.318623 13 1 13 N
0.337112 13 0 13 N
0.374789 13 14 13 N
0.417801 13 13 13 N
0.448457 13 12 13 N
0.480555 13 11 13 N
0.502126 13 10 13 N
0.528632 13 9 13 N
0.546589 13 8 13 N
0.564993 13 7 13 N
0.600774 13 6 13 N
0.620080 13 5 13 N
0.631289 13 4 13 N
0.661831 13 3 13 N
0.707062 13 2 13 N
0.741627 13 1 13 N
0.758763 13 0 13 N
0.790369 13 14 13 N
0.814841 13 13 13 N
0.835802 13 12 13 N
0.870613 13 11 13 N
0.912454 13 10 13 N
0.925661 13 9 13 N
0.956196 13 8 13 N
0.979546 13 7 13 N
1.012423 13 6 13 N
1.025273 13 5 13 N
1.071253 13 4 13 N
1.082089 13 3 13 N
1.126955 13 2 13 N
1.143556 13 1 13 N
1.158937 13 0 13 N
1.181649 13 14 13 N
1.218609 13 13 13 N
1.232341 13 12 13 N
1.270155 13 11 13 N
1.301417 13 10 13 N
1.343826 13 9 13 N
1.372876 13 8 13 N
1.420544 13 7 13 N
1.452191 13 6 13 N
1.488728 13 5 13 N
0.000319 9 9 9 J
0.015624 9 8 9 J
0.053126 9 7 9 J
0.076425 9 6 9 J
0.111209 9 5 9 J
0.128142 9 4 9 J
0.178008 9 3 9 J
0.216159 9 2 9 J
0.246083 9 1 9 J
0.277543 9 0 9 J
0.294894 9 14 9 J
0.307343 9 13 9 J
0.344576 9 12 9 J
0.369268 9 11 9 J
0.385731 9 10 9 J
0.402200 9 9 9 J
0.430135 9 8 9 J
0.476378 9 7 9 J
0.488552 9 6 9 J
0.521730 9 5 9 J
0.560614 9 4 9 J
0.572654 9 3 9 J
0.615815 9 2 9 J
0.666603 9 1 9 J
0.698791 9 0 9 J
0.747957 9 14 9 J
0.761254 9 13 9 J
0.793771 9 12 9 J
0.822878 9 11 9 J
0.838202 9 10 9 J
0.872955 9 9 9 J
0.894955 9 8 9 J
0.928871 9 7 9 J
0.952823 9 6 9 J
0.978305 9 5 9 J
0.999596 9 4 9 J
1.046487 9 3 9 J
1.095882 9 2 9 J
1.109758 9 1 9 J
1.155680 9 0 9 J
1.169426 9 14 9 J
1.204570 9 13 9 J
1.237754 9 12 9 J
1.259996 9 11 9 J
1.306816 9 10 9 J
1.338474 9 9 9 J
1.379758 9 8 9 J
1.397904 9 7 9 J
1.429099 9 6 9 J
1.448626 9 5 9 J
1.468646 9 4 9 J
1.485516 9 3 9 J
1.511602 9 2 9 J
1.526646 9 1 9 J
1.570826 9 0 9 J
1.605624 9 14 9 J
1.618439 9 13 9 J
1.632480 9 12 9 J
1.662448 9 11 9 J
1.702585 9 10 9 J
1.715788 9 9 9 J
1.728769 9 8 9 J
1.766761 9 7 9 J
1.815786 9 6 9 J
1.852117 9 5 9 J
0.000341 7 7 7 H
0.031409 7 8 7 H
0.051978 7 9 7 H
0.080749 7 10 7 H
0.098820 7 11 7 H
0.143267 7 12 7 H
0.183370 7 13 7 H
0.209728 7 14 7 H
0.249273 7 0 7 H
0.290771 7 1 7 H
0.329592 7 2 7 H
0.378203 7 3 7 H
0.395885 7 4 7 H
0.420210 7 5 7 H
0.468641 7 6 7 H
0.489811 7 7 7 H
0.526244 7 8 7 H
0.570328 7 9 7 H
0.613432 7 10 7 H
0.624569 7 11 7 H
0.663978 7 12 7 H
0.695477 7 13 7 H
0.741610 7 14 7 H
0.757686 7 0 7 H
0.779749 7 1 7 H
0.818246 7 2 7 H
0.839537 7 3 7 H
0.876444 7 4 7 H
0.890772 7 5 7 H
0.922266 7 6 7 H
0.946256 7 7 7 H
0.992859 7 8 7 H
1.041797 7 9 7 H
1.086457 7 10 7 H
1.108650 7 11 7 H
1.153407 7 12 7 H
1.185962 7 13 7 H
1.207747 7 14 7 H
1.278469 7 0 7 H
1.308201 7 1 7 H
1.337237 7 2 7 H
1.381810 7 3 7 H
1.406645 7 4 7 H
1.419459 7 5 7 H
1.455549 7 6 7 H
1.466504 7 7 7 H
1.481307 7 8 7 H
1.526653 7 9 7 H
1.566635 7 10 7 H
1.588852 7 11 7 H
1.632389 7 12 7 H
1.669825 7 13 7 H
1.684595 7 14 7 H
1.723511 7 0 7 H
1.751641 7 1 7 H
1.790811 7 2 7 H
1.823247 7 3 7 H
1.863830 7 4 7 H
1.878626 7 5 7 H
0.000313 12 12 12 M
0.032552 12 12 13 M
0.072075 12 12 14 M
0.099892 12 12 0 M
0.121858 12 12 1 M
0.133642 12 12 2 M
0.181160 12 12 3 M
0.203265 12 12 4 M
0.236385 12 12 5 M
0.284107 12 12 6 M
0.329808 12 12 7 M
0.374785 12 12 8 M
0.393724 12 12 9 M
0.412189 12 12 10 M
0.442795 12 12 11 M
0.481844 12 12 12 M
0.511996 12 12 13 M
0.531131 12 12 14 M
0.551291 12 12 0 M
0.565090 12 12 1 M
0.588956 12 12 2 M
0.613512 12 12 3 M
0.633491 12 12 4 M
0.645622 12 12 5 M
0.684739 12 12 6 M
0.727583 12 12 7 M
0.774333 12 12 8 M
0.822883 12 12 9 M
0.869539 12 12 10 M
0.889689 12 12 11 M
0.931265 12 12 12 M
0.947378 12 12 13 M
0.982812 12 12 14 M
1.000690 12 12 0 M
1.027731 12 12 1 M
1.076587 12 12 2 M
1.108644 12 12 3 M
1.129294 12 12 4 M
1.153511 12 12 5 M
1.188247 12 12 6 M
1.222700 12 12 7 M
1.262597 12 12 8 M
1.312410 12 12 9 M
1.331558 12 12 10 M
2.124660 12 12 10 m
0.000306 3 3 3 D
0.028174 3 2 3 D
0.043358 3 1 3 D
0.080755 3 0 3 D
0.111292 3 14 3 D
0.138897 3 13 3 D
0.165322 3 12 3 D
0.175677 3 11 3 D
0.190687 3 10 3 D
0.226847 3 9 3 D
0.261600 3 8 3 D
0.284023 3 7 3 D
0.329889 3 6 3 D
0.378253 3 5 3 D
0.426722 3 4 3 D
0.451862 3 3 3 D
0.488558 3 2 3 D
0.537694 3 1 3 D
0.548899 3 0 3 D
0.562765 3 14 3 D
0.598634 3 13 3 D
0.645533 3 12 3 D
0.665320 3 11 3 D
0.706983 3 10 3 D
0.738433 3 9 3 D
0.769943 3 8 3 D
0.798308 3 7 3 D
0.829282 3 6 3 D
0.839621 3 5 3 D
0.875474 3 4 3 D
0.899388 3 3 3 D
0.910138 3 2 3 D
0.940704 3 1 3 D
0.988660 3 0 3 D
1.001865 3 14 3 D
1.016843 3 13 3 D
1.065824 3 12 3 D
1.097208 3 11 3 D
1.128183 3 10 3 D
1.154496 3 9 3 D
1.196719 3 8 3 D
1.245416 3 7 3 D
1.282654 3 6 3 D
1.324286 3 5 3 D
1.355850 3 4 3 D
1.376179 3 3 3 D
1.412109 3 2 3 D
1.427936 3 1 3 D
1.461900 3 0 3 D
2.256438 3 0 3 d
0.000320 10 10 10 K
0.026047 10 10 11 K
0.075291 10 10 12 K
0.122928 10 10 13 K
0.135776 10 10 14 K
0.153374 10 10 0 K
0.200157 10 10 1 K
0.224621 10 10 2 K
0.251378 10 10 3 K
0.288434 10 10 4 K
0.319724 10 10 5 K
0.340381 10 10 6 K
0.374793 10 10 7 K
0.424575 10 10 8 K
0.451771 10 10 9 K
0.467561 10 10 10 K
0.499866 10 10 11 K
0.517547 10 10 12 K
0.533499 10 10 13 K
0.546596 10 10 14 K
0.572662 10 10 0 K
0.590110 10 10 1 K
0.615810 10 10 2 K
0.665413 10 10 3 K
0.706976 10 10 4 K
0.728819 10 10 5 K
0.764630 10 10 6 K
0.797124 10 10 7 K
0.844087 10 10 8 K
0.872961 10 10 9 K
0.914606 10 10 10 K
0.929944 10 10 11 K
0.952915 10 10 12 K
1.001868 10 10 13 K
1.027639 10 10 14 K
1.039599 10 10 0 K
1.056267 10 10 1 K
1.106304 10 10 2 K
1.154500 10 10 3 K
1.185950 10 10 4 K
1.218521 10 10 5 K
1.243024 10 10 6 K
1.261428 10 10 7 K
1.298981 10 10 8 K
1.338480 10 10 9 K
1.379656 10 10 10 K
1.395743 10 10 11 K
1.435542 10 10 12 K
1.469825 10 10 13 K
1.485627 10 10 14 K
1.500596 10 10 0 K
1.550400 10 10 1 K
1.589935 10 10 2 K
1.633662 10 10 3 K
1.656971 10 10 4 K
1.690941 10 10 5 K
1.738212 10 10 6 K
1.777587 10 10 7 K
1.805541 10 10 8 K
1.836130 10 10 9 K
1.863837 10 10 10 K
1.898683 10 10 11 K
1.918516 10 10 12 K
1.950863 10 10 13 K
1.986293 10 10 14 K
2.010977 10 10 0 K
2.037178 10 10 1 K
2.077342 10 10 2 K
2.106649 10 10 3 K
2.148474 10 10 4 K
2.162300 10 10 5 K
2.173242 10 10 6 K
2.216907 10 10 7 K
2.240667 10 10 8 K
2.257693 10 10 9 K
2.292286 10 10 10 K
2.316221 10 10 11 K
0.000318 1 1 1 B
0.063594 1 2 1 B
0.082893 1 3 1 B
0.133744 1 4 1 B
0.156668 1 5 1 B
0.199032 1 6 1 B
0.210885 1 7 1 B
0.226769 1 8 1 B
0.240756 1 9 1 B
0.271353 1 10 1 B
0.319722 1 11 1 B
0.337023 1 12 1 B
0.382723 1 13 1 B
0.419041 1 14 1 B
0.449441 1 0 1 B
0.499954 1 1 1 B
0.515393 1 2 1 B
0.540883 1 3 1 B
0.577435 1 4 1 B
0.620074 1 5 1 B
0.661824 1 6 1 B
0.685825 1 7 1 B
0.734017 1 8 1 B
0.773230 1 9 1 B
0.804759 1 10 1 B
0.815958 1 11 1 B
0.836981 1 12 1 B
0.860745 1 13 1 B
0.886252 1 14 1 B
0.920026 1 0 1 B
0.943892 1 1 1 B
0.972714 1 2 1 B
0.993944 1 3 1 B
1.013512 1 4 1 B
1.032242 1 5 1 B
1.071182 1 6 1 B
1.104974 1 7 1 B
1.117215 1 8 1 B
1.155668 1 9 1 B
1.183801 1 10 1 B
1.231118 1 11 1 B
1.266815 1 12 1 B
1.287950 1 13 1 B
1.330474 1 14 1 B
1.379662 1 0 1 B
1.394576 1 1 1 B
1.441345 1 2 1 B
1.466603 1 3 1 B
1.493297 1 4 1 B
1.518137 1 5 1 B
1.538109 1 6 1 B
1.578272 1 7 1 B
2.341915 1 7 1 b
0.000312 4 4 4 E
0.028177 4 4 3 E
0.061455 4 4 2 E
0.093626 4 4 1 E
0.133739 4 4 0 E
0.158890 4 4 14 E
0.185595 4 4 13 E
0.213027 4 4 12 E
0.249318 4 4 11 E
0.263736 4 4 10 E
0.286209 4 4 9 E
0.323077 4 4 8 E
0.369262 4 4 7 E
0.388944 4 4 6 E
0.438521 4 4 5 E
0.476384 4 4 4 E
0.493277 4 4 3 E
0.505371 4 4 2 E
0.531046 4 4 1 E
0.577430 4 4 0 E
0.597562 4 4 14 E
0.661835 4 4 13 E
0.711279 4 4 12 E
0.723983 4 4 11 E
0.757679 4 4 10 E
0.786120 4 4 9 E
0.812627 4 4 8 E
0.840719 4 4 7 E
0.876440 4 4 6 E
0.907898 4 4 5 E
0.951740 4 4 4 E
0.996417 4 4 3 E
1.008251 4 4 2 E
1.032247 4 4 1 E
1.062617 4 4 0 E
1.100604 4 4 14 E
1.138293 4 4 13 E
1.171849 4 4 12 E
1.214113 4 4 11 E
1.226873 4 4 10 E
1.248755 4 4 9 E
1.292394 4 4 8 E
1.316720 4 4 7 E
1.355845 4 4 6 E
1.399158 4 4 5 E
1.437882 4 4 4 E
1.463178 4 4 3 E
1.481398 4 4 2 E
1.527877 4 4 1 E
1.570970 4 4 0 E
1.596431 4 4 14 E
1.615106 4 4 13 E
1.637861 4 4 12 E
1.649122 4 4 11 E
1.675321 4 4 10 E
1.721300 4 4 9 E
1.752896 4 4 8 E
1.766610 4 4 7 E
1.815869 4 4 6 E
1.832669 4 4 5 E
1.876280 4 4 4 E
1.901952 4 4 3 E
1.928000 4 4 2 E
1.973354 4 4 1 E
2.020779 4 4 0 E
2.048023 4 4 14 E
2.061632 4 4 13 E
2.097262 4 4 12 E
2.122278 4 4 11 E
2.169965 4 4 10 E
2.185743 4 4 9 E
2.232079 4 4 8 E
2.246957 4 4 7 E
2.284993 4 4 6 E
2.316606 4 4 5 E
2.349503 4 4 4 E
2.383996 4 4 3 E
2.397502 4 4 2 E
2.415249 4 4 1 E
2.443185 4 4 0 E
2.492078 4 4 14 E
2.528434 4 4 13 E
0.000317 0 0 0 A
0.011435 0 0 14 A
0.026073 0 0 13 A
0.064775 0 0 12 A
0.111291 0 0 11 A
0.141157 0 0 10 A
0.162186 0 0 9 A
0.192906 0 0 8 A
0.230972 0 0 7 A
0.249273 0 0 6 A
0.279681 0 0 5 A
0.321834 0 0 4 A
0.372463 0 0 3 A
0.391310 0 0 2 A
0.415570 0 0 1 A
0.449436 0 0 0 A
0.469714 0 0 14 A
0.515499 0 0 13 A
0.565206 0 0 12 A
0.584751 0 0 11 A
0.623480 0 0 10 A
0.672922 0 0 9 A
0.698785 0 0 8 A
0.718613 0 0 7 A
0.753307 0 0 6 A
0.791617 0 0 5 A
0.838380 0 0 4 A
0.858593 0 0 3 A
0.877648 0 0 2 A
0.943896 0 0 1 A
0.956189 0 0 0 A
0.979540 0 0 14 A
1.027736 0 0 13 A
1.054921 0 0 12 A
1.099520 0 0 11 A
1.131639 0 0 10 A
1.176477 0 0 9 A
1.207832 0 0 8 A
1.250899 0 0 7 A
1.278464 0 0 6 A
1.294686 0 0 5 A
1.314580 0 0 4 A
1.360261 0 0 3 A
1.372770 0 0 2 A
1.394581 0 0 1 A
1.441249 0 0 0 A
1.453666 0 0 14 A
1.491971 0 0 13 A
1.518249 0 0 12 A
1.559319 0 0 11 A
1.573972 0 0 10 A
1.620597 0 0 9 A
1.654644 0 0 8 A
1.686743 0 0 7 A
1.723503 0 0 6 A
1.773315 0 0 5 A
1.794213 0 0 4 A
2.589916 0 0 4 a
0.000316 2 2 2 C
0.029255 2 2 1 C
0.063592 2 2 0 C
0.080753 2 2 14 C
0.126065 2 2 13 C
0.143267 2 2 12 C
0.185496 2 2 11 C
0.208657 2 2 10 C
0.246083 2 2 9 C
0.281808 2 2 8 C
0.378210 2 2 7 C
0.411007 2 2 6 C
0.450613 2 2 5 C
0.484171 2 2 4 C
0.537702 2 2 3 C
0.579580 2 2 2 C
0.610093 2 2 1 C
0.650931 2 2 0 C
0.692201 2 2 14 C
0.741631 2 2 13 C
0.777510 2 2 12 C
0.813710 2 2 11 C
0.831620 2 2 10 C
0.875366 2 2 9 C
0.887371 2 2 8 C
0.916841 2 2 7 C
0.946268 2 2 6 C
0.995320 2 2 5 C
1.012429 2 2 4 C
1.045189 2 2 3 C
1.075598 2 2 2 C
1.121444 2 2 1 C
1.165265 2 2 0 C
1.202260 2 2 14 C
1.218527 2 2 13 C
1.237665 2 2 12 C
1.254657 2 2 11 C
1.297991 2 2 10 C
1.322018 2 2 9 C
1.351482 2 2 8 C
1.381813 2 2 7 C
1.396824 2 2 6 C
1.407947 2 2 5 C
1.435625 2 2 4 C
1.448634 2 2 3 C
1.459756 2 2 2 C
1.505977 2 2 1 C
1.520314 2 2 0 C
1.557959 2 2 14 C
1.570964 2 2 13 C
1.610822 2 2 12 C
1.650359 2 2 11 C
1.671013 2 2 10 C
1.683512 2 2 9 C
1.719994 2 2 8 C
1.758324 2 2 7 C
1.776508 2 2 6 C
1.804457 2 2 5 C
1.834940 2 2 4 C
1.857499 2 2 3 C
1.886006 2 2 2 C
1.911385 2 2 1 C
1.949785 2 2 0 C
1.990497 2 2 14 C
2.040373 2 2 13 C
2.058327 2 2 12 C
2.075112 2 2 11 C
2.094971 2 2 10 C
2.129994 2 2 9 C
2.168694 2 2 8 C
2.182446 2 2 7 C
2.221338 2 2 6 C
2.268074 2 2 5 C
2.296642 2 2 4 C
2.314958 2 2 3 C
2.334622 2 2 2 C
2.375367 2 2 1 C
2.396265 2 2 0 C
2.434672 2 2 14 C
2.465478 2 2 13 C
2.476745 2 2 12 C
2.487801 2 2 11 C
2.500514 2 2 10 C
2.539184 2 2 9 C
2.577392 2 2 8 C
2.614458 2 2 7 C
2.631739 2 2 6 C
2.673192 2 2 5 C
2.711118 2 2 4 C
2.740220 2 2 3 C
2.776259 2 2 2 C
2.825270 2 2 1 C
2.838554 2 2 0 C
2.875195 2 2 14 C
2.889453 2 2 13 C
0.000313 5 5 5 F
0.036781 5 4 5 F
0.047838 5 3 5 F
0.094698 5 2 5 F
0.142212 5 1 5 F
0.155495 5 0 5 F
0.184425 5 14 5 F
0.224624 5 13 5 F
0.284108 5 12 5 F
0.327437 5 11 5 F
0.340387 5 10 5 F
0.350985 5 9 5 F
0.382615 5 8 5 F
0.414483 5 7 5 F
0.456279 5 6 5 F
0.476397 5 5 5 F
0.526224 5 4 5 F
0.574918 5 3 5 F
0.595418 5 2 5 F
0.625812 5 1 5 F
0.654420 5 0 5 F
0.726291 5 14 5 F
0.743780 5 13 5 F
0.769937 5 12 5 F
0.820551 5 11 5 F
0.863951 5 10 5 F
0.876541 5 9 5 F
0.894950 5 8 5 F
0.938544 5 7 5 F
0.951850 5 6 5 F
0.972822 5 5 5 F
1.015762 5 4 5 F
1.045195 5 3 5 F
1.074531 5 2 5 F
1.097202 5 1 5 F
1.147922 5 0 5 F
1.175251 5 14 5 F
1.222784 5 13 5 F
1.261264 5 12 5 F
1.282648 5 11 5 F
1.297904 5 10 5 F
1.313499 5 9 5 F
1.342747 5 8 5 F
1.360348 5 7 5 F
1.392416 5 6 5 F
1.407844 5 5 5 F
1.450862 5 4 5 F
1.481404 5 3 5 F
1.509276 5 2 5 F
1.553572 5 1 5 F
1.579527 5 0 5 F
1.625897 5 14 5 F
1.652497 5 13 5 F
1.676391 5 12 5 F
1.724596 5 11 5 F
1.770818 5 10 5 F
1.791897 5 9 5 F
1.832764 5 8 5 F
1.848919 5 7 5 F
1.892308 5 6 5 F
1.923713 5 5 5 F
1.940586 5 4 5 F
1.979852 5 3 5 F
2.016408 5 2 5 F
2.045701 5 1 5 F
2.091826 5 0 5 F
2.118976 5 14 5 F
2.158885 5 13 5 F
2.185633 5 12 5 F
2.224700 5 11 5 F
2.247049 5 10 5 F
2.273544 5 9 5 F
2.296724 5 8 5 F
2.345283 5 7 5 F
2.360939 5 6 5 F
2.382749 5 5 5 F
2.401874 5 4 5 F
2.436825 5 3 5 F
2.482292 5 2 5 F
2.493308 5 1 5 F
2.513972 5 0 5 F
2.533779 5 14 5 F
2.578481 5 13 5 F
2.604273 5 12 5 F
2.637108 5 11 5 F
2.653425 5 10 5 F
2.669730 5 9 5 F
2.707592 5 8 5 F
2.734604 5 7 5 F
2.760722 5 6 5 F
2.786713 5 5 5 F
2.809941 5 4 5 F
2.853843 5 3 5 F
2.903745 5 2 5 F
2.936055 5 1 5 F
2.971324 5 0 5 F
