-1 15 15 15
0.000311 12 12 12 M
0.041921 12 12 13 M
0.085184 12 12 14 M
0.112824 12 12 0 M
0.157307 12 12 1 M
0.175280 12 12 2 M
0.201697 12 12 3 M
0.224951 12 12 4 M
0.235774 12 12 5 M
0.247281 12 12 6 M
0.269363 12 12 7 M
0.000337 7 7 7 H
0.011493 7 8 7 H
0.062033 7 9 7 H
0.082043 7 10 7 H
0.116932 7 11 7 H
0.148826 7 12 7 H
0.184776 7 13 7 H
0.199467 7 14 7 H
0.263947 7 0 7 H
0.290868 7 1 7 H
0.313491 7 2 7 H
0.336010 7 3 7 H
0.381682 7 4 7 H
0.401755 7 5 7 H
0.000301 4 4 4 E
0.016887 4 4 5 E
0.054754 4 4 6 E
0.079822 4 4 7 E
0.094905 4 4 8 E
0.123524 4 4 9 E
0.144731 4 4 10 E
0.180645 4 4 11 E
0.219726 4 4 12 E
0.232445 4 4 13 E
0.266221 4 4 14 E
0.303141 4 4 0 E
0.345522 4 4 1 E
0.358612 4 4 2 E
0.383800 4 4 3 E
0.426911 4 4 4 E
0.442974 4 4 5 E
0.483519 4 4 6 E
0.512312 4 4 7 E
0.538462 4 4 8 E
0.000311 9 9 9 J
0.067392 9 10 9 J
0.091778 9 11 9 J
0.102472 9 12 9 J
0.144812 9 13 9 J
0.168775 9 14 9 J
0.211402 9 0 9 J
0.252490 9 1 9 J
0.264038 9 2 9 J
0.308285 9 3 9 J
0.346679 9 4 9 J
0.371149 9 5 9 J
0.414603 9 6 9 J
0.461525 9 7 9 J
0.499347 9 8 9 J
0.518312 9 9 9 J
0.569631 9 10 9 J
0.587173 9 11 9 J
0.636967 9 12 9 J
0.667871 9 13 9 J
0.687079 9 14 9 J
0.714952 9 0 9 J
0.758269 9 1 9 J
0.798632 9 2 9 J
0.000306 3 3 3 D
0.016882 3 2 3 D
0.050595 3 1 3 D
0.096073 3 0 3 D
0.127739 3 14 3 D
0.141522 3 13 3 D
0.176415 3 12 3 D
0.186982 3 11 3 D
0.219837 3 10 3 D
0.257770 3 9 3 D
0.278942 3 8 3 D
0.326609 3 7 3 D
0.365852 3 6 3 D
0.394096 3 5 3 D
0.426916 3 4 3 D
0.458210 3 3 3 D
0.483535 3 2 3 D
0.525743 3 1 3 D
0.538381 3 0 3 D
0.617584 3 14 3 D
0.641734 3 13 3 D
0.659128 3 12 3 D
0.694885 3 11 3 D
0.731889 3 10 3 D
0.779315 3 9 3 D
0.827867 3 8 3 D
0.856587 3 7 3 D
0.902140 3 6 3 D
0.925439 3 5 3 D
0.000294 5 5 5 F
0.054754 5 4 5 F
0.091688 5 3 5 F
0.163402 5 2 5 F
0.210323 5 1 5 F
0.236832 5 0 5 F
0.258825 5 14 5 F
0.290774 5 13 5 F
0.318064 5 12 5 F
0.328820 5 11 5 F
0.358523 5 10 5 F
0.381570 5 9 5 F
0.398303 5 8 5 F
0.437559 5 7 5 F
0.468907 5 6 5 F
0.487151 5 5 5 F
0.502742 5 4 5 F
0.548081 5 3 5 F
0.561332 5 2 5 F
0.575132 5 1 5 F
0.624356 5 0 5 F
0.691390 5 14 5 F
0.721429 5 13 5 F
0.758276 5 12 5 F
0.799794 5 11 5 F
0.846950 5 10 5 F
0.890670 5 9 5 F
0.945269 5 8 5 F
0.981155 5 7 5 F
1.019613 5 6 5 F
1.052868 5 5 5 F
1.088552 5 4 5 F
1.129969 5 3 5 F
1.178982 5 2 5 F
1.228583 5 1 5 F
1.258816 5 0 5 F
1.309926 5 14 5 F
1.335461 5 13 5 F
1.376406 5 12 5 F
1.417574 5 11 5 F
1.443794 5 10 5 F
0.000308 10 10 10 K
0.021008 10 10 9 K
0.067389 10 10 8 K
0.116933 10 10 7 K
0.135216 10 10 6 K
0.172001 10 10 5 K
0.196259 10 10 4 K
0.257771 10 10 3 K
0.303253 10 10 2 K
0.342379 10 10 1 K
0.387961 10 10 0 K
0.416860 10 10 14 K
0.458114 10 10 13 K
0.477103 10 10 12 K
0.492815 10 10 11 K
0.525740 10 10 10 K
0.557842 10 10 9 K
0.569625 10 10 8 K
0.605562 10 10 7 K
0.636881 10 10 6 K
0.660401 10 10 5 K
0.704472 10 10 4 K
0.779321 10 10 3 K
0.791430 10 10 2 K
0.840384 10 10 1 K
0.865235 10 10 0 K
0.897882 10 10 14 K
0.916748 10 10 13 K
0.945273 10 10 12 K
0.982343 10 10 11 K
0.996320 10 10 10 K
1.037863 10 10 9 K
1.071889 10 10 8 K
1.093228 10 10 7 K
1.131065 10 10 6 K
1.148251 10 10 5 K
1.193439 10 10 4 K
1.206308 10 10 3 K
1.244929 10 10 2 K
1.275110 10 10 1 K
1.288119 10 10 0 K
1.306445 10 10 14 K
1.350038 10 10 13 K
1.380597 10 10 12 K
1.426975 10 10 11 K
1.455090 10 10 10 K
1.468170 10 10 9 K
0.000306 2 2 2 C
0.050596 2 2 3 C
0.079925 2 2 4 C
0.126667 2 2 5 C
0.163399 2 2 6 C
0.175280 2 2 7 C
0.207022 2 2 8 C
0.219730 2 2 9 C
0.251421 2 2 10 C
0.283050 2 2 11 C
0.325467 2 2 12 C
0.364776 2 2 13 C
0.376273 2 2 14 C
0.408104 2 2 0 C
0.451921 2 2 1 C
0.493989 2 2 2 C
0.525747 2 2 3 C
0.561326 2 2 4 C
0.601209 2 2 5 C
0.621059 2 2 6 C
0.658040 2 2 7 C
0.684915 2 2 8 C
0.707558 2 2 9 C
0.744305 2 2 10 C
0.778110 2 2 11 C
0.799790 2 2 12 C
0.840308 2 2 13 C
0.865149 2 2 14 C
0.911871 2 2 0 C
0.925546 2 2 1 C
0.939963 2 2 2 C
0.979006 2 2 3 C
1.016480 2 2 4 C
1.034557 2 2 5 C
1.054222 2 2 6 C
1.075138 2 2 7 C
1.123293 2 2 8 C
1.920813 2 2 8 c
0.000304 6 6 6 G
0.032724 6 6 5 G
0.046223 6 6 4 G
0.058833 6 6 3 G
0.103564 6 6 2 G
0.163418 6 6 1 G
0.186900 6 6 0 G
0.210412 6 6 14 G
0.228076 6 6 13 G
0.253559 6 6 12 G
0.288641 6 6 11 G
0.325464 6 6 10 G
0.337168 6 6 9 G
0.353146 6 6 8 G
0.383879 6 6 7 G
0.424530 6 6 6 G
0.487158 6 6 5 G
0.499354 6 6 4 G
0.515899 6 6 3 G
0.565337 6 6 2 G
0.581836 6 6 1 G
0.605567 6 6 0 G
0.655748 6 6 14 G
0.666767 6 6 13 G
0.688073 6 6 12 G
0.704378 6 6 11 G
0.751084 6 6 10 G
0.781819 6 6 9 G
0.814787 6 6 8 G
0.860984 6 6 7 G
0.888386 6 6 6 G
0.904281 6 6 5 G
0.922125 6 6 4 G
0.937618 6 6 3 G
0.958991 6 6 2 G
0.986956 6 6 1 G
1.010064 6 6 0 G
1.048170 6 6 14 G
1.095388 6 6 13 G
1.124554 6 6 12 G
1.164253 6 6 11 G
1.184506 6 6 10 G
1.215116 6 6 9 G
1.226431 6 6 8 G
1.242456 6 6 7 G
1.264458 6 6 6 G
1.290457 6 6 5 G
1.315300 6 6 4 G
1.351439 6 6 3 G
1.381924 6 6 2 G
1.430389 6 6 1 G
1.464554 6 6 0 G
1.496781 6 6 14 G
1.519496 6 6 13 G
1.553389 6 6 12 G
1.576978 6 6 11 G
1.590746 6 6 10 G
1.635114 6 6 9 G
1.653060 6 6 8 G
1.695846 6 6 7 G
1.718454 6 6 6 G
1.733473 6 6 5 G
1.777521 6 6 4 G
1.792330 6 6 3 G
1.813523 6 6 2 G
1.828090 6 6 1 G
1.862280 6 6 0 G
1.899783 6 6 14 G
1.924097 6 6 13 G
1.961149 6 6 12 G
1.989184 6 6 11 G
0.000309 8 8 8 I
0.032700 8 8 9 I
0.077768 8 8 10 I
0.103648 8 8 11 I
0.119139 8 8 12 I
0.157033 8 8 13 I
0.203823 8 8 14 I
0.247284 8 8 0 I
0.265111 8 8 1 I
0.285352 8 8 2 I
0.326622 8 8 3 I
0.355390 8 8 4 I
0.437566 8 8 5 I
0.485877 8 8 6 I
0.524652 8 8 7 I
0.561234 8 8 8 I
0.595518 8 8 9 I
0.615434 8 8 10 I
0.638166 8 8 11 I
0.684824 8 8 12 I
0.704478 8 8 13 I
0.734348 8 8 14 I
0.758354 8 8 0 I
0.773897 8 8 1 I
0.814905 8 8 2 I
0.857778 8 8 3 I
0.884208 8 8 4 I
0.910588 8 8 5 I
0.945262 8 8 6 I
0.975764 8 8 7 I
0.992218 8 8 8 I
1.019670 8 8 9 I
1.064608 8 8 10 I
1.096469 8 8 11 I
1.143874 8 8 12 I
1.192273 8 8 13 I
1.228666 8 8 14 I
1.266879 8 8 0 I
1.305279 8 8 1 I
1.336808 8 8 2 I
1.350151 8 8 3 I
1.393864 8 8 4 I
1.412901 8 8 5 I
1.439342 8 8 6 I
1.469338 8 8 7 I
1.519403 8 8 8 I
1.534859 8 8 9 I
1.580252 8 8 10 I
1.610051 8 8 11 I
1.651936 8 8 12 I
1.690502 8 8 13 I
1.739084 8 8 14 I
1.752670 8 8 0 I
1.799775 8 8 1 I
1.833380 8 8 2 I
1.862196 8 8 3 I
1.910526 8 8 4 I
1.943368 8 8 5 I
1.977333 8 8 6 I
1.993475 8 8 7 I
2.021888 8 8 8 I
2.046001 8 8 9 I
0.000295 0 0 0 A
0.048483 0 0 14 A
0.067481 0 0 13 A
0.087401 0 0 12 A
0.116933 0 0 11 A
0.142596 0 0 10 A
0.192222 0 0 9 A
0.211399 0 0 8 A
0.234581 0 0 7 A
0.263946 0 0 6 A
0.284282 0 0 5 A
0.326613 0 0 4 A
0.358613 0 0 3 A
0.397232 0 0 2 A
0.413526 0 0 1 A
0.459190 0 0 0 A
0.502928 0 0 14 A
0.515904 0 0 13 A
0.534190 0 0 12 A
0.572964 0 0 11 A
0.599059 0 0 10 A
0.620968 0 0 9 A
0.650421 0 0 8 A
0.678275 0 0 7 A
0.700082 0 0 6 A
0.737457 0 0 5 A
0.748715 0 0 4 A
0.780598 0 0 3 A
0.791424 0 0 2 A
0.841477 0 0 1 A
0.861079 0 0 0 A
0.890526 0 0 14 A
0.913145 0 0 13 A
0.945275 0 0 12 A
0.965564 0 0 11 A
0.985885 0 0 10 A
1.022014 0 0 9 A
1.051524 0 0 8 A
1.086413 0 0 7 A
1.106897 0 0 6 A
1.124548 0 0 5 A
1.151475 0 0 4 A
1.179060 0 0 3 A
1.195804 0 0 2 A
1.238241 0 0 1 A
1.253570 0 0 0 A
1.282861 0 0 14 A
1.325097 0 0 13 A
1.369150 0 0 12 A
1.383189 0 0 11 A
1.431676 0 0 10 A
1.450426 0 0 9 A
1.462395 0 0 8 A
1.498079 0 0 7 A
1.512306 0 0 6 A
1.560884 0 0 5 A
1.594201 0 0 4 A
1.610044 0 0 3 A
1.631931 0 0 2 A
1.674538 0 0 1 A
1.699305 0 0 0 A
1.733376 0 0 14 A
1.778884 0 0 13 A
1.819744 0 0 12 A
1.838714 0 0 11 A
1.857584 0 0 10 A
1.870855 0 0 9 A
1.894210 0 0 8 A
1.909277 0 0 7 A
1.942094 0 0 6 A
1.984992 0 0 5 A
2.021976 0 0 4 A
2.072153 0 0 3 A
2.089930 0 0 2 A
2.113578 0 0 1 A
2.127363 0 0 0 A
2.172112 0 0 14 A
0.000305 1 1 1 B
0.028557 1 2 1 B
0.045029 1 3 1 B
0.081929 1 4 1 B
0.101401 1 5 1 B
0.120305 1 6 1 B
0.163411 1 7 1 B
0.208200 1 8 1 B
0.256696 1 9 1 B
0.286506 1 10 1 B
0.316826 1 11 1 B
0.366918 1 12 1 B
0.412302 1 13 1 B
0.431112 1 14 1 B
0.459196 1 0 1 B
0.487291 1 1 1 B
0.514736 1 2 1 B
0.552282 1 3 1 B
0.581841 1 4 1 B
0.601306 1 5 1 B
0.639327 1 6 1 B
0.654595 1 7 1 B
0.702232 1 8 1 B
0.750985 1 9 1 B
0.780481 1 10 1 B
0.806488 1 11 1 B
0.852311 1 12 1 B
0.868535 1 13 1 B
0.901055 1 14 1 B
0.922131 1 0 1 B
0.948546 1 1 1 B
0.992154 1 2 1 B
1.022008 1 3 1 B
1.050446 1 4 1 B
1.075132 1 5 1 B
1.116653 1 6 1 B
1.149427 1 7 1 B
1.178976 1 8 1 B
1.189942 1 9 1 B
1.211727 1 10 1 B
1.250386 1 11 1 B
1.277350 1 12 1 B
1.299699 1 13 1 B
1.319512 1 14 1 B
1.359285 1 0 1 B
1.408577 1 1 1 B
1.430396 1 2 1 B
1.447074 1 3 1 B
1.495400 1 4 1 B
1.542846 1 5 1 B
1.571604 1 6 1 B
1.591895 1 7 1 B
1.610141 1 8 1 B
1.644292 1 9 1 B
1.670356 1 10 1 B
1.701752 1 11 1 B
1.742301 1 12 1 B
1.769958 1 13 1 B
1.799782 1 14 1 B
1.848209 1 0 1 B
1.861012 1 1 1 B
1.895468 1 2 1 B
1.936861 1 3 1 B
1.962424 1 4 1 B
1.983709 1 5 1 B
2.027290 1 6 1 B
2.054461 1 7 1 B
2.067636 1 8 1 B
2.107391 1 9 1 B
2.142266 1 10 1 B
2.191889 1 11 1 B
2.233579 1 12 1 B
2.259464 1 13 1 B
2.279101 1 14 1 B
2.315710 1 0 1 B
2.349014 1 1 1 B
2.360832 1 2 1 B
2.408899 1 3 1 B
2.453364 1 4 1 B
2.502374 1 5 1 B
2.515563 1 6 1 B
2.540913 1 7 1 B
0.000307 14 14 14 O
0.027473 14 14 0 O
0.062155 14 14 1 O
0.096076 14 14 2 O
0.141525 14 14 3 O
0.165622 14 14 4 O
0.197331 14 14 5 O
0.231291 14 14 6 O
0.263947 14 14 7 O
0.288731 14 14 8 O
0.303255 14 14 9 O
0.350889 14 14 10 O
0.379406 14 14 11 O
0.399373 14 14 12 O
0.443074 14 14 13 O
0.477110 14 14 14 O
0.493918 14 14 0 O
0.515907 14 14 1 O
0.544884 14 14 2 O
0.581952 14 14 3 O
0.617579 14 14 4 O
0.650323 14 14 5 O
0.691385 14 14 6 O
0.734251 14 14 7 O
0.745546 14 14 8 O
0.791335 14 14 9 O
0.825524 14 14 10 O
0.841385 14 14 11 O
0.888468 14 14 12 O
0.935297 14 14 13 O
0.983505 14 14 14 O
1.001898 14 14 0 O
1.050571 14 14 1 O
1.089938 14 14 2 O
1.119985 14 14 3 O
1.133213 14 14 4 O
1.152812 14 14 5 O
1.170716 14 14 6 O
1.215167 14 14 7 O
1.251469 14 14 8 O
1.277266 14 14 9 O
1.309920 14 14 10 O
1.361881 14 14 11 O
1.406248 14 14 12 O
1.453725 14 14 13 O
1.480987 14 14 14 O
1.496825 14 14 0 O
1.512205 14 14 1 O
1.539372 14 14 2 O
1.553302 14 14 3 O
1.586538 14 14 4 O
1.635023 14 14 5 O
1.682871 14 14 6 O
1.708972 14 14 7 O
1.757225 14 14 8 O
1.771081 14 14 9 O
1.813517 14 14 10 O
1.838803 14 14 11 O
1.861005 14 14 12 O
1.878911 14 14 13 O
1.903011 14 14 14 O
1.946632 14 14 0 O
1.996926 14 14 1 O
2.040706 14 14 2 O
2.069840 14 14 3 O
2.105249 14 14 4 O
2.135692 14 14 5 O
2.179405 14 14 6 O
2.199359 14 14 7 O
2.226295 14 14 8 O
2.259564 14 14 9 O
2.285901 14 14 10 O
2.297206 14 14 11 O
2.311534 14 14 12 O
2.334157 14 14 13 O
2.373426 14 14 14 O
2.388737 14 14 0 O
2.433182 14 14 1 O
2.462900 14 14 2 O
2.488804 14 14 3 O
2.516731 14 14 4 O
2.531380 14 14 5 O
2.579744 14 14 6 O
2.608522 14 14 7 O
2.656336 14 14 8 O
0.000303 13 13 13 N
0.011533 13 12 13 N
0.041919 13 11 13 N
0.073612 13 10 13 N
0.112824 13 9 13 N
0.203823 13 8 13 N
0.216542 13 7 13 N
0.253561 13 6 13 N
0.277820 13 5 13 N
0.314638 13 4 13 N
0.360646 13 3 13 N
0.383707 13 2 13 N
0.402884 13 1 13 N
0.446398 13 0 13 N
0.477114 13 14 13 N
0.523571 13 13 13 N
0.569531 13 12 13 N
0.592341 13 11 13 N
0.608824 13 10 13 N
0.649146 13 9 13 N
0.686993 13 8 13 N
0.703306 13 7 13 N
0.742055 13 6 13 N
0.788021 13 5 13 N
0.802104 13 4 13 N
0.842725 13 3 13 N
0.866231 13 2 13 N
0.883128 13 1 13 N
0.945278 13 0 13 N
0.983509 13 14 13 N
1.016436 13 13 13 N
1.048275 13 12 13 N
1.089944 13 11 13 N
1.110079 13 10 13 N
1.135361 13 9 13 N
1.149329 13 8 13 N
1.192267 13 7 13 N
1.212953 13 6 13 N
1.262267 13 5 13 N
1.290361 13 4 13 N
1.312119 13 3 13 N
1.323786 13 2 13 N
1.360468 13 1 13 N
1.394991 13 0 13 N
1.412994 13 14 13 N
1.433984 13 13 13 N
1.464551 13 12 13 N
1.504602 13 11 13 N
1.553309 13 10 13 N
1.591888 13 9 13 N
1.620559 13 8 13 N
1.644394 13 7 13 N
1.691587 13 6 13 N
1.720872 13 5 13 N
1.754027 13 4 13 N
1.782055 13 3 13 N
1.810194 13 2 13 N
1.839869 13 1 13 N
1.865369 13 0 13 N
1.909439 13 14 13 N
1.931396 13 13 13 N
1.976247 13 12 13 N
1.995710 13 11 13 N
2.023156 13 10 13 N
2.054544 13 9 13 N
2.082598 13 8 13 N
2.116948 13 7 13 N
2.144558 13 6 13 N
2.170814 13 5 13 N
2.218027 13 4 13 N
2.237912 13 3 13 N
2.280370 13 2 13 N
2.311526 13 1 13 N
2.358433 13 0 13 N
2.373432 13 14 13 N
2.392963 13 13 13 N
2.403508 13 12 13 N
2.444900 13 11 13 N
2.482190 13 10 13 N
2.520964 13 9 13 N
2.561283 13 8 13 N
2.586047 13 7 13 N
2.603324 13 6 13 N
2.642924 13 5 13 N
2.678727 13 4 13 N
2.715021 13 3 13 N
2.763336 13 2 13 N
2.802596 13 1 13 N
2.841887 13 0 13 N
2.880153 13 14 13 N
0.000301 11 11 11 L
0.012592 11 12 11 L
0.033791 11 13 11 L
0.063253 11 14 11 L
0.090537 11 0 11 L
0.108699 11 1 11 L
0.157155 11 2 11 L
0.175340 11 3 11 L
0.219728 11 4 11 L
0.256776 11 5 11 L
0.270528 11 6 11 L
0.288639 11 7 11 L
0.301004 11 8 11 L
0.324324 11 9 11 L
0.343450 11 10 11 L
0.376338 11 11 11 L
0.386905 11 12 11 L
0.432292 11 13 11 L
0.477179 11 14 11 L
0.517018 11 0 11 L
0.538376 11 1 11 L
0.554599 11 2 11 L
0.577440 11 3 11 L
0.597812 11 4 11 L
0.610064 11 5 11 L
0.650320 11 6 11 L
0.663582 11 7 11 L
0.685019 11 8 11 L
0.720238 11 9 11 L
0.759533 11 10 11 L
0.798731 11 11 11 L
0.815016 11 12 11 L
0.849118 11 13 11 L
0.888475 11 14 11 L
0.914326 11 0 11 L
0.930898 11 1 11 L
0.964299 11 2 11 L
1.010071 11 3 11 L
1.031189 11 4 11 L
1.075045 11 5 11 L
1.115462 11 6 11 L
1.143963 11 7 11 L
1.167435 11 8 11 L
1.205222 11 9 11 L
1.234935 11 10 11 L
1.261062 11 11 11 L
1.282960 11 12 11 L
1.303963 11 13 11 L
1.336721 11 14 11 L
1.361874 11 0 11 L
1.380592 11 1 11 L
1.392467 11 2 11 L
1.416311 11 3 11 L
1.465802 11 4 11 L
1.479888 11 5 11 L
1.505851 11 6 11 L
1.538190 11 7 11 L
1.566304 11 8 11 L
1.600542 11 9 11 L
1.631841 11 10 11 L
1.648478 11 11 11 L
1.684153 11 12 11 L
1.721965 11 13 11 L
1.738885 11 14 11 L
1.767773 11 0 11 L
1.796493 11 1 11 L
1.834470 11 2 11 L
1.870728 11 3 11 L
1.894299 11 4 11 L
1.934507 11 5 11 L
1.947803 11 6 11 L
1.969798 11 7 11 L
2.013369 11 8 11 L
2.054454 11 9 11 L
2.076355 11 10 11 L
2.105241 11 11 11 L
2.142147 11 12 11 L
2.170807 11 13 11 L
2.205742 11 14 11 L
2.249181 11 0 11 L
2.267909 11 1 11 L
2.316876 11 2 11 L
2.346609 11 3 11 L
2.373514 11 4 11 L
2.402213 11 5 11 L
3.184666 11 5 11 l
