1000 7 15
2000 10 16
3000 11 10
4000 11 10
5000 5 15
6000 11 12
7000 12 14
8000 11 11
9000 13 11
10000 12 12
11000 11 11
12000 14 15
13000 9 10
14000 12 18
15000 13 15
16000 13 15
17000 14 17
18000 14 12
19000 11 14
20000 15 15
21000 14 16
22000 14 16
23000 15 14
24000 14 12
25000 14 18
26000 14 21
27000 15 18
28000 15 15
29000 15 16
30000 14 13
31000 14 14
32000 12 15
33000 13 15
34000 14 14
35000 12 20
36000 15 22
37000 15 19
38000 14 15
39000 14 11
40000 9 14
41000 12 18
42000 14 14
43000 15 18
44000 14 19
45000 15 14
46000 13 14
47000 15 19
48000 14 19
49000 14 20
50000 13 14
51000 15 15
52000 13 19
53000 16 20
54000 15 19
55000 15 19
56000 15 13
57000 16 15
58000 12 19
59000 13 17
60000 16 18
61000 12 18
62000 14 20
63000 13 18
64000 14 20
65000 16 13
66000 14 22
67000 15 20
68000 15 11
69000 14 24
70000 16 16
71000 16 22
72000 14 19
73000 14 12
74000 13 16
75000 13 20
76000 15 15
77000 13 20
78000 14 21
79000 11 18
80000 11 18
81000 15 18
82000 15 23
83000 14 20
84000 16 22
85000 14 20
86000 14 16
87000 16 19
88000 16 20
89000 13 20
90000 15 14
91000 15 21
92000 15 20
93000 17 16
94000 12 21
95000 15 21
96000 15 24
97000 13 20
98000 14 14
99000 15 22
100000 15 22
