1000 9 7
2000 9 8
3000 10 7
4000 12 8
5000 9 6
6000 11 8
7000 8 7
8000 12 8
9000 13 16
10000 13 9
11000 6 8
12000 12 9
13000 12 9
14000 12 8
15000 14 10
16000 14 10
17000 14 12
18000 14 12
19000 11 9
20000 10 9
21000 13 10
22000 12 10
23000 15 15
24000 12 10
25000 13 11
26000 12 17
27000 11 14
28000 13 13
29000 13 10
30000 14 17
31000 13 10
32000 13 14
33000 14 20
34000 14 13
35000 13 17
36000 14 17
37000 14 17
38000 9 16
39000 10 13
40000 14 17
41000 14 17
42000 15 18
43000 15 20
44000 15 18
45000 16 20
46000 9 16
47000 16 21
48000 14 18
49000 13 11
50000 14 17
51000 15 20
52000 14 26
53000 14 19
54000 16 20
55000 16 19
56000 14 23
57000 13 20
58000 12 24
59000 12 22
60000 14 28
61000 16 29
62000 15 27
63000 15 28
64000 15 25
65000 16 11
66000 15 18
67000 15 25
68000 12 26
69000 14 19
70000 13 27
71000 14 19
72000 14 20
73000 16 29
74000 16 21
75000 15 19
76000 16 17
77000 16 24
78000 15 19
79000 14 20
80000 14 17
81000 16 17
82000 15 25
83000 13 13
84000 17 11
85000 16 17
86000 16 16
87000 13 29
88000 16 29
89000 16 21
90000 17 27
91000 16 23
92000 15 29
93000 17 25
94000 15 22
95000 16 20
96000 17 21
97000 16 27
98000 13 12
99000 16 20
100000 16 26
