1000 8 7
2000 6 8
3000 12 11
4000 11 10
5000 11 9
6000 12 9
7000 10 9
8000 11 10
9000 12 12
10000 13 10
11000 12 10
12000 7 8
13000 14 11
14000 11 11
15000 14 12
16000 14 12
17000 14 11
18000 9 12
19000 12 13
20000 14 14
21000 14 15
22000 14 15
23000 14 11
24000 11 11
25000 14 13
26000 14 16
27000 14 16
28000 14 10
29000 14 18
30000 14 12
31000 15 12
32000 13 12
33000 15 13
34000 14 14
35000 11 17
36000 13 11
37000 15 16
38000 13 15
39000 12 12
40000 13 14
41000 13 13
42000 15 21
43000 13 17
44000 16 18
45000 14 10
46000 13 15
47000 15 15
48000 14 14
49000 16 13
50000 15 16
51000 13 18
52000 15 14
53000 16 20
54000 16 21
55000 13 15
56000 15 18
57000 16 10
58000 14 17
59000 16 18
60000 12 15
61000 15 18
62000 14 12
63000 16 22
64000 14 11
65000 12 18
66000 15 14
67000 15 12
68000 10 10
69000 16 11
70000 15 13
71000 15 18
72000 15 12
73000 11 24
74000 16 28
75000 17 21
76000 15 20
77000 17 20
78000 15 16
79000 13 20
80000 16 14
81000 14 18
82000 17 18
83000 16 17
84000 12 15
85000 16 19
86000 15 24
87000 16 19
88000 12 17
89000 12 20
90000 14 24
91000 13 18
92000 16 16
93000 14 19
94000 16 20
95000 15 14
96000 9 19
97000 17 15
98000 14 21
99000 17 10
100000 14 20
