1000 10 14
2000 11 11
3000 12 14
4000 12 13
5000 13 11
6000 12 10
7000 13 15
8000 13 15
9000 13 17
10000 13 15
11000 13 12
12000 14 17
13000 13 18
14000 14 18
15000 14 15
16000 14 19
17000 14 13
18000 15 14
19000 14 11
20000 14 13
21000 15 13
22000 15 16
23000 15 17
24000 15 17
25000 15 24
26000 15 17
27000 14 15
28000 15 21
29000 14 20
30000 15 25
31000 15 22
32000 15 23
33000 15 22
34000 15 17
35000 15 24
36000 15 24
37000 16 27
38000 15 19
39000 15 22
40000 15 19
41000 16 23
42000 15 22
43000 15 22
44000 16 25
45000 16 23
46000 16 21
47000 16 23
48000 16 22
49000 16 21
50000 16 23
51000 16 25
52000 15 24
53000 16 23
54000 16 21
55000 16 25
56000 16 25
57000 16 23
58000 16 25
59000 16 25
60000 16 26
61000 16 24
62000 16 26
63000 16 27
64000 16 20
65000 16 25
66000 16 26
67000 17 26
68000 16 27
69000 16 25
70000 16 24
71000 16 23
72000 16 25
73000 17 26
74000 17 26
75000 16 26
76000 16 25
77000 16 26
78000 16 26
79000 16 23
80000 17 20
81000 17 24
82000 16 21
83000 17 24
84000 16 17
85000 17 24
86000 17 23
87000 17 11
88000 16 12
89000 17 14
90000 17 11
91000 16 14
92000 16 18
93000 17 18
94000 17 25
95000 16 14
96000 16 12
97000 17 19
98000 17 15
99000 17 16
100000 17 18
