-1  15  15  15
 0.004910322  4  13  7  E
 0.028396804  4  12  7  E
 0.060851100  4  13  7  E
 0.089256283  4  13  6  E
 0.117552493  4  14  6  E
 0.143153784  4  14  5  E
 0.170251285  4  14  4  E
 0.201681271  4  14  3  E
 0.248633943  4  14  4  E
 0.288899235  4  14  3  E
 0.299268271  4  14  4  E
 0.004928912  13  5  12  N
 0.026754806  13  5  13  N
 0.047598125  13  4  13  N
 0.095258104  13  4  12  N
 0.106957982  13  5  12  N
 0.150504458  13  5  13  N
 0.192517361  13  6  13  N
 0.213594055  13  7  13  N
 0.259602882  13  6  13  N
 0.271910062  13  5  13  N
 0.284702180  13  5  12  N
 0.312394463  13  5  13  N
 0.351084575  13  6  13  N
 0.371463513  13  6  14  N
 0.400613000  13  6  13  N
 0.432972272  13  6  14  N
 0.459592869  13  6  13  N
 0.485904758  13  6  14  N
 0.535817034  13  7  14  N
 0.564394565  13  7  0  N
 0.595874591  13  7  14  N
 0.625836247  13  6  14  N
 0.004880425  12  12  11  M
 0.016325778  12  13  11  M
 0.027922436  12  12  11  M
 0.043349935  12  12  10  M
 0.060457267  12  11  10  M
 0.076031971  12  11  9  M
 0.104769478  12  10  9  M
 0.903048068  12  10  9  m
 0.004938165  2  8  5  C
 0.017753126  2  7  5  C
 0.055635401  2  7  4  C
 0.090582665  2  7  3  C
 0.139179301  2  7  2  C
 0.914612852  2  7  2  c
 0.004928907  6  12  8  G
 0.026280358  6  11  8  G
 0.052490624  6  12  8  G
 0.082660446  6  12  9  G
 0.129584481  6  11  9  G
 0.917574989  6  11  9  g
 0.004872892  9  2  1  J
 0.043937346  9  3  1  J
 0.062719265  9  3  2  J
 0.075187100  9  4  2  J
 0.111012027  9  5  2  J
 0.152956549  9  6  2  J
 0.939874777  9  6  2  j
 0.028965632  5  9  13  F
 0.060646670  5  9  14  F
 0.093252847  5  8  14  F
 0.105868289  5  9  14  F
 0.152100964  5  10  14  F
 0.177027626  5  9  14  F
 0.195146066  5  8  14  F
 0.972445675  5  8  14  f
 0.004857794  1  9  13  B
 0.028874829  1  10  13  B
 0.074998653  1  10  14  B
 0.086862442  1  10  13  B
 0.113747242  1  10  14  B
 0.152010811  1  10  13  B
 0.182247857  1  10  14  B
 0.236931596  1  9  14  B
 1.003609969  1  9  14  b
 0.004910313  0  10  0  A
 0.019352377  0  10  1  A
 0.066979364  0  10  2  A
 0.111317568  0  10  1  A
 0.158303608  0  9  1  A
 0.182087139  0  9  0  A
 0.195751678  0  9  14  A
 0.236838389  0  9  0  A
 1.031081140  0  9  0  a
 0.004938171  3  3  6  D
 0.021484038  3  3  7  D
 0.061929869  3  4  7  D
 0.079294343  3  4  6  D
 0.092259763  3  4  7  D
 0.116288007  3  5  7  D
 0.141381961  3  5  6  D
 0.191342427  3  5  5  D
 0.203083694  3  5  4  D
 0.242957648  3  5  5  D
 0.285074914  3  5  4  D
 0.318922622  3  5  5  D
 0.344453709  3  5  6  D
 0.373214992  3  4  6  D
 0.418279315  3  4  5  D
 0.435175596  3  4  4  D
 0.464868278  3  4  3  D
 0.490814956  3  5  3  D
 0.534242083  3  4  3  D
 0.572902452  3  5  3  D
 0.610443505  3  6  3  D
 1.385475966  3  6  3  d
 0.004934928  10  0  4  K
 0.015789776  10  0  5  K
 0.054167112  10  1  5  K
 0.075203193  10  0  5  K
 0.108712760  10  14  5  K
 0.141180363  10  0  5  K
 0.153854040  10  1  5  K
 0.178275583  10  0  5  K
 0.197507553  10  1  5  K
 0.217918813  10  1  4  K
 0.252278252  10  0  4  K
 0.291182625  10  0  3  K
 0.316288183  10  1  3  K
 0.333272472  10  1  2  K
 0.357851457  10  2  2  K
 0.393560680  10  1  2  K
 0.417887653  10  1  3  K
 0.461882895  10  1  2  K
 0.493371076  10  2  2  K
 0.539214250  10  2  3  K
 0.586044196  10  3  3  K
 0.611983656  10  4  3  K
 0.638689521  10  5  3  K
 1.423434178  10  5  3  k
 0.044030822  14  2  1  O
 0.073234247  14  3  1  O
 0.111904157  14  2  1  O
 0.132470716  14  2  0  O
 0.179882840  14  2  1  O
 0.222473229  14  2  0  O
 0.242907003  14  2  1  O
 0.289245956  14  2  2  O
 0.318168742  14  3  2  O
 0.366294513  14  3  1  O
 0.396283281  14  3  2  O
 0.436845153  14  4  2  O
 0.470512465  14  4  1  O
 0.492771418  14  5  1  O
 0.506553415  14  5  2  O
 0.544375476  14  4  2  O
 0.586840887  14  4  3  O
 0.611899428  14  5  3  O
 0.638684098  14  5  4  O
 1.429745288  14  5  4  o
 0.004880444  11  10  6  L
 0.042396462  11  10  5  L
 0.065785652  11  9  5  L
 0.097234338  11  8  5  L
 0.126842086  11  8  4  L
 0.164480702  11  7  4  L
 0.188312451  11  7  5  L
 0.210505177  11  7  4  L
 0.246355628  11  8  4  L
 0.268924551  11  9  4  L
 0.305748588  11  8  4  L
 0.332121502  11  9  4  L
 0.375657191  11  8  4  L
 0.412750404  11  7  4  L
 0.438074307  11  8  4  L
 0.474731688  11  7  4  L
 0.507375760  11  6  4  L
 0.541221820  11  7  4  L
 0.590872351  11  8  4  L
 0.610583927  11  9  4  L
 0.624476355  11  10  4  L
 0.668509249  11  9  4  L
 0.696801215  11  9  3  L
 0.741115153  11  9  2  L
 0.752808411  11  8  2  L
 0.766676162  11  8  1  L
 0.784778616  11  8  0  L
 0.811132040  11  7  0  L
 0.832250869  11  7  1  L
 0.848167720  11  7  0  L
 0.894384713  11  6  0  L
 0.916450218  11  7  0  L
 0.955019109  11  7  14  L
 0.990192553  11  7  13  L
 1.005285750  11  7  12  L
 1.042543576  11  7  11  L
 1.084963633  11  8  11  L
 1.107901045  11  8  10  L
 1.154776809  11  8  9  L
 1.202573425  11  9  9  L
 1.975766200  11  9  9  l
 0.004868817  8  2  11  I
 0.040759913  8  1  11  I
 0.081363316  8  0  11  I
 0.099334163  8  0  10  I
 0.121306473  8  14  10  I
 0.159680865  8  13  10  I
 0.209257240  8  13  9  I
 0.219602213  8  14  9  I
 0.253869055  8  14  10  I
 0.289090359  8  14  11  I
 0.316542874  8  14  12  I
 0.352044311  8  14  13  I
 0.394663994  8  14  14  I
 0.433818058  8  0  14  I
 0.459666189  8  14  14  I
 0.479464777  8  0  14  I
 0.491980939  8  0  13  I
 0.525752911  8  14  13  I
 0.542397779  8  14  12  I
 0.566186610  8  14  13  I
 0.606924972  8  14  12  I
 0.628595134  8  0  12  I
 0.661459829  8  0  11  I
 0.691334794  8  0  12  I
 0.734098484  8  0  11  I
 0.744567741  8  0  10  I
 0.792239659  8  14  10  I
 0.814578885  8  13  10  I
 0.854424496  8  13  11  I
 0.868988270  8  14  11  I
 0.899302427  8  14  12  I
 0.938462064  8  14  13  I
 0.985520745  8  0  13  I
 1.018199249  8  0  12  I
 1.063759291  8  14  12  I
 1.107937140  8  14  11  I
 1.150789366  8  14  12  I
 1.172526828  8  0  12  I
 1.220273147  8  1  12  I
 1.257574635  8  0  12  I
 1.289499736  8  1  12  I
 1.328170512  8  1  11  I
 1.349088864  8  0  11  I
 1.386396162  8  0  10  I
 1.410322635  8  14  10  I
 1.422713087  8  14  11  I
 1.443656630  8  13  11  I
 1.488690420  8  14  11  I
 1.505534427  8  13  11  I
 1.542733616  8  14  11  I
 1.575358330  8  14  10  I
 1.597618286  8  14  9  I
 1.618528313  8  0  9  I
 1.632016905  8  0  10  I
 1.647263693  8  1  10  I
 1.686681888  8  2  10  I
 1.697103727  8  1  10  I
 1.734807402  8  0  10  I
 1.777680633  8  1  10  I
 1.799276377  8  2  10  I
 1.830830742  8  2  9  I
 1.843598525  8  1  9  I
 1.885178709  8  0  9  I
 1.927932905  8  0  8  I
 1.951320479  8  14  8  I
 1.962987867  8  0  8  I
 2.011175246  8  0  9  I
 2.036252798  8  0  8  I
 2.063936433  8  1  8  I
 2.096633812  8  2  8  I
 2.118670659  8  1  8  I
 2.155723040  8  2  8  I
 2.167135650  8  2  9  I
 2.191650743  8  1  9  I
 2.228265808  8  0  9  I
 2.274381826  8  0  10  I
 2.305639575  8  14  10  I
 2.326064885  8  13  10  I
 2.346311990  8  14  10  I
 2.358941134  8  0  10  I
 2.382861883  8  0  11  I
 2.403006270  8  0  12  I
 2.452242264  8  0  13  I
 2.487267262  8  14  13  I
 2.499176063  8  14  14  I
 0.004934643  7  13  13  H
 0.024998138  7  13  12  H
 0.059878005  7  12  12  H
 0.078207430  7  13  12  H
 0.126381394  7  14  12  H
 0.161659012  7  14  11  H
 0.190532571  7  0  11  H
 0.201450290  7  0  12  H
 0.235473478  7  1  12  H
 0.265119168  7  0  12  H
 0.275571121  7  1  12  H
 0.289371139  7  0  12  H
 0.301355299  7  0  11  H
 0.336787743  7  0  12  H
 0.382271065  7  1  12  H
 0.396840802  7  2  12  H
 0.408555692  7  2  11  H
 0.457150380  7  2  12  H
 0.468168810  7  3  12  H
 0.514110807  7  3  13  H
 0.526838425  7  2  13  H
 0.565020863  7  2  12  H
 0.579756039  7  2  13  H
 0.597240488  7  2  14  H
 0.644820566  7  2  0  H
 0.668533192  7  2  1  H
 0.703067516  7  1  1  H
 0.728665568  7  2  1  H
 0.747917572  7  2  2  H
 0.785577954  7  2  1  H
 0.821931960  7  3  1  H
 0.858545974  7  2  1  H
 0.889834990  7  1  1  H
 0.901958823  7  2  1  H
 0.918514448  7  3  1  H
 0.945535191  7  2  1  H
 0.967745983  7  2  0  H
 1.014616411  7  2  14  H
 1.042479865  7  3  14  H
 1.090445475  7  3  13  H
 1.110640165  7  4  13  H
 1.137650698  7  3  13  H
 1.175384828  7  4  13  H
 1.201553157  7  4  14  H
 1.246012246  7  4  13  H
 1.279965894  7  4  14  H
 1.300359655  7  4  13  H
 1.341574214  7  4  14  H
 1.356768912  7  4  0  H
 1.381034300  7  5  0  H
 1.405170455  7  5  14  H
 1.454352322  7  5  13  H
 1.492243343  7  5  14  H
 1.540652430  7  5  13  H
 1.569985291  7  5  14  H
 1.597823584  7  5  13  H
 1.626429066  7  6  13  H
 1.639791063  7  6  12  H
 1.670507169  7  5  12  H
 1.703954650  7  4  12  H
 1.718513336  7  5  12  H
 1.745209038  7  5  13  H
 1.777044052  7  5  12  H
 1.814425296  7  4  12  H
 1.846331468  7  4  11  H
 1.892535636  7  4  12  H
 1.903089654  7  5  12  H
 1.918448895  7  6  12  H
 1.967274913  7  5  12  H
 1.977713661  7  6  12  H
 2.000078803  7  6  13  H
 2.048709870  7  5  13  H
 2.061711706  7  4  13  H
 2.092261937  7  5  13  H
 2.120386230  7  6  13  H
 2.901173232  7  6  13  h
