-1  15  10  10
 0.004640564  8  0  7  I
 0.026572422  8  9  7  I
 0.076633867  8  0  7  I
 0.122883493  8  0  8  I
 0.171457795  8  0  7  I
 0.199960281  8  1  7  I
 0.241325757  8  1  6  I
 0.275144020  8  1  5  I
 0.290565678  8  1  4  I
 0.319421406  8  2  4  I
 0.363930958  8  3  4  I
 0.394124960  8  3  5  I
 0.426959731  8  4  5  I
 0.449742749  8  3  5  I
 0.473072465  8  4  5  I
 0.503539657  8  5  5  I
 0.004606033  5  5  9  F
 0.019780713  5  6  9  F
 0.066855419  5  6  8  F
 0.113605197  5  7  8  F
 0.144638503  5  7  9  F
 0.189998889  5  8  9  F
 0.226484037  5  8  0  F
 0.270928403  5  9  0  F
 0.290682681  5  0  0  F
 0.315642518  5  0  1  F
 0.328961616  5  0  0  F
 0.363746328  5  0  9  F
 0.412279413  5  1  9  F
 0.457543491  5  0  9  F
 0.472772320  5  1  9  F
 0.512570666  5  1  0  F
 0.004643912  3  9  9  D
 0.023920318  3  0  9  D
 0.063202858  3  0  8  D
 0.104480687  3  0  9  D
 0.171552437  3  0  8  D
 0.192761110  3  1  8  D
 0.233875025  3  0  8  D
 0.256795670  3  0  9  D
 0.293844271  3  1  9  D
 0.307005897  3  0  9  D
 0.345309093  3  9  9  D
 0.355538707  3  9  8  D
 0.372584665  3  9  7  D
 0.394744859  3  0  7  D
 0.441167992  3  1  7  D
 0.488996038  3  0  7  D
 0.499426146  3  9  7  D
 0.546125496  3  0  7  D
 0.587041888  3  1  7  D
 0.620499789  3  1  6  D
 0.667530471  3  0  6  D
 0.703543377  3  1  6  D
 0.004578608  6  6  6  G
 0.035523538  6  7  6  G
 0.805084757  6  7  6  g
 0.004610066  13  6  3  N
 0.052856904  13  6  4  N
 0.834000060  13  6  4  n
 0.004597292  12  5  7  M
 0.046917773  12  6  7  M
 0.057802052  12  6  6  M
 0.837870969  12  6  6  m
 0.004645060  7  7  5  H
 0.058513411  7  6  5  H
 0.856650475  7  6  5  h
 0.034720368  2  8  5  C
 0.058624703  2  7  5  C
 0.858145303  2  7  5  c
 0.004625532  14  8  5  O
 0.034635475  14  8  4  O
 0.069563129  14  9  4  O
 0.099509880  14  9  3  O
 0.124478449  14  9  2  O
 0.140684663  14  9  3  O
 0.152379005  14  9  4  O
 0.189814547  14  9  5  O
 0.213126552  14  9  4  O
 0.241734027  14  9  5  O
 0.291659160  14  8  5  O
 1.081471860  14  8  5  o
 0.004644471  10  3  9  K
 0.015697470  10  2  9  K
 0.047935698  10  2  0  K
 0.078749804  10  1  0  K
 0.115537635  10  1  1  K
 0.162787288  10  1  2  K
 0.204774489  10  2  2  K
 0.225747891  10  2  3  K
 0.256428635  10  2  2  K
 0.270144690  10  3  2  K
 0.280809540  10  4  2  K
 0.308379972  10  5  2  K
 0.352727183  10  6  2  K
 0.378116788  10  7  2  K
 0.410097603  10  6  2  K
 0.459003470  10  6  3  K
 0.501207493  10  6  2  K
 0.511509079  10  6  1  K
 0.555617221  10  7  1  K
 0.569012040  10  7  2  K
 0.614168560  10  8  2  K
 0.653286003  10  8  1  K
 0.688716835  10  8  2  K
 0.732048828  10  7  2  K
 0.760571789  10  7  3  K
 0.798836528  10  6  3  K
 0.827946257  10  5  3  K
 0.842524595  10  5  4  K
 0.873739658  10  5  3  K
 0.885985769  10  4  3  K
 0.898223791  10  4  4  K
 0.908946439  10  4  3  K
 0.944559576  10  3  3  K
 0.977682795  10  2  3  K
 1.016358281  10  2  2  K
 1.034526012  10  3  2  K
 1.045317028  10  2  2  K
 1.079257964  10  2  3  K
 1.092239729  10  3  3  K
 1.102698518  10  2  3  K
 1.128730503  10  2  2  K
 1.163905849  10  1  2  K
 1.197838033  10  0  2  K
 1.237803216  10  0  3  K
 1.262486595  10  1  3  K
 0.004640573  0  1  1  A
 0.048257842  0  0  1  A
 0.063939633  0  9  1  A
 0.081559166  0  9  0  A
 0.131628382  0  9  1  A
 0.167513132  0  9  2  A
 0.205136592  0  8  2  A
 0.254191296  0  7  2  A
 0.289896985  0  6  2  A
 0.334035901  0  7  2  A
 0.358548675  0  7  1  A
 0.404275713  0  8  1  A
 0.445589844  0  8  2  A
 0.487671323  0  8  3  A
 0.499827005  0  8  4  A
 0.525836940  0  7  4  A
 0.567449787  0  8  4  A
 1.339189822  0  8  4  a
 0.004597471  11  1  3  L
 0.034951576  11  1  4  L
 0.055864460  11  1  5  L
 0.100083484  11  2  5  L
 0.119963639  11  3  5  L
 0.153288835  11  3  4  L
 0.188627549  11  3  5  L
 0.205847583  11  3  6  L
 0.246541416  11  3  7  L
 0.277142857  11  2  7  L
 0.310645551  11  3  7  L
 0.327601520  11  2  7  L
 0.346115987  11  2  6  L
 0.394066315  11  3  6  L
 0.417884360  11  4  6  L
 0.458371751  11  4  7  L
 0.487177433  11  4  6  L
 0.514866155  11  3  6  L
 0.563195765  11  2  6  L
 0.595180518  11  1  6  L
 0.617651411  11  1  5  L
 0.638094844  11  1  4  L
 0.660715280  11  0  4  L
 0.701611042  11  0  5  L
 0.723678210  11  9  5  L
 0.754996292  11  0  5  L
 0.802828106  11  0  4  L
 0.845400387  11  0  3  L
 0.873393069  11  9  3  L
 0.894772997  11  8  3  L
 0.923186890  11  7  3  L
 0.946746843  11  8  3  L
 1.723351645  11  8  3  l
 0.004643907  9  6  4  J
 0.028357459  9  6  5  J
 0.058472165  9  5  5  J
 0.075650948  9  5  4  J
 0.113003860  9  4  4  J
 0.131708138  9  4  3  J
 0.152590772  9  4  4  J
 0.163196250  9  4  5  J
 0.173547613  9  4  6  J
 0.191511035  9  5  6  J
 0.235197817  9  5  7  J
 0.279405774  9  5  8  J
 0.306523105  9  6  8  J
 0.345958071  9  7  8  J
 0.381532646  9  8  8  J
 0.420824227  9  9  8  J
 0.441238398  9  9  9  J
 0.472878947  9  0  9  J
 0.483912402  9  9  9  J
 0.509330681  9  9  0  J
 0.556530994  9  9  1  J
 0.594424326  9  9  0  J
 0.634772563  9  9  9  J
 0.670456257  9  9  8  J
 0.705727643  9  8  8  J
 0.724278738  9  9  8  J
 0.767532356  9  8  8  J
 0.784110169  9  7  8  J
 0.796721690  9  8  8  J
 0.820736455  9  8  7  J
 0.856287447  9  9  7  J
 0.904582873  9  9  8  J
 0.916980396  9  8  8  J
 0.932346693  9  7  8  J
 0.965025917  9  7  7  J
 1.748890914  9  7  7  j
 0.004644462  4  2  8  E
 0.047477444  4  2  7  E
 0.068329839  4  1  7  E
 0.123009802  4  0  7  E
 0.165779260  4  9  7  E
 0.183759531  4  9  8  E
 0.221434443  4  9  7  E
 0.248068325  4  9  8  E
 0.296570905  4  9  7  E
 0.321763859  4  8  7  E
 0.342090906  4  9  7  E
 0.371135214  4  8  7  E
 0.396134457  4  7  7  E
 0.423847224  4  8  7  E
 0.469193293  4  8  6  E
 0.481232162  4  8  7  E
 0.508058165  4  8  8  E
 0.520801047  4  8  9  E
 0.540614952  4  8  0  E
 0.571402959  4  8  9  E
 0.614379475  4  7  9  E
 0.638418316  4  7  8  E
 0.687121686  4  7  9  E
 0.709102273  4  6  9  E
 0.735866408  4  7  9  E
 0.757848994  4  8  9  E
 0.789453348  4  7  9  E
 0.828791087  4  7  8  E
 0.858403852  4  6  8  E
 0.903712299  4  7  8  E
 0.927644381  4  7  9  E
 0.960119114  4  6  9  E
 0.991627783  4  7  9  E
 1.006796426  4  6  9  E
 1.039152133  4  5  9  E
 1.073156546  4  6  9  E
 1.101923390  4  7  9  E
 1.122789909  4  6  9  E
 1.149097252  4  6  0  E
 1.195757965  4  6  1  E
 1.217119498  4  7  1  E
 1.235979931  4  8  1  E
 1.285299076  4  7  1  E
 1.320072479  4  8  1  E
 1.340839683  4  8  2  E
 2.140196532  4  8  2  e
 0.004641282  1  5  1  B
 0.031350129  1  4  1  B
 0.071905910  1  3  1  B
 0.114306087  1  4  1  B
 0.130127929  1  4  0  B
 0.142920619  1  4  9  B
 0.174424802  1  5  9  B
 0.195307242  1  4  9  B
 0.207886723  1  3  9  B
 0.254997619  1  3  0  B
 0.272412038  1  3  1  B
 0.309598105  1  3  2  B
 0.331710295  1  3  3  B
 0.367228850  1  4  3  B
 0.410902832  1  4  2  B
 0.457118337  1  5  2  B
 0.502286747  1  5  1  B
 0.555688716  1  6  1  B
 0.592282963  1  6  2  B
 0.635829782  1  5  2  B
 0.654471624  1  5  3  B
 0.689680634  1  4  3  B
 0.735939947  1  3  3  B
 0.777876993  1  3  4  B
 0.798014736  1  3  3  B
 0.809781835  1  4  3  B
 0.834028572  1  4  2  B
 0.867987305  1  5  2  B
 0.886129995  1  5  3  B
 0.928076330  1  5  4  B
 0.964038996  1  4  4  B
 1.011382862  1  4  5  B
 1.044760432  1  4  4  B
 1.072912293  1  4  5  B
 1.105404461  1  4  4  B
 1.151126841  1  4  5  B
 1.181661539  1  3  5  B
 1.210654136  1  3  6  B
 1.254540339  1  3  5  B
 1.297053392  1  3  6  B
 1.320610379  1  4  6  B
 1.344905202  1  5  6  B
 1.372007683  1  4  6  B
 1.410067901  1  4  5  B
 1.453516004  1  4  6  B
 1.497423000  1  3  6  B
 1.525594725  1  4  6  B
 1.568498034  1  5  6  B
 2.347639598  1  5  6  b
