-1  15  5  5
 0.003811196  4  3  3  E
 0.764722552  4  3  3  e
 0.003799402  0  3  4  A
 0.765576940  0  3  4  a
 0.003883338  3  4  4  D
 0.766571619  3  4  4  d
 0.003882497  9  0  4  J
 0.773077316  9  0  4  j
 0.003875766  5  3  1  F
 0.787126630  5  3  1  f
 0.003813983  6  2  1  G
 0.787484131  6  2  1  g
 0.003882506  1  3  0  B
 0.789211375  1  3  0  b
 0.038873697  7  4  2  H
 0.053605672  7  3  2  H
 0.827523907  7  3  2  h
 0.003852340  10  1  1  K
 0.051098770  10  1  0  K
 0.089898113  10  1  4  K
 0.861891937  10  1  4  k
 0.003865692  13  1  2  N
 0.051314544  13  1  3  N
 0.072783947  13  2  3  N
 0.083405466  13  2  4  N
 0.882928853  13  2  4  n
 0.003875770  12  4  0  M
 0.035824434  12  4  1  M
 0.056730791  12  4  2  M
 0.085562244  12  4  3  M
 0.100603144  12  0  3  M
 0.900869955  12  0  3  m
 0.003845990  8  4  2  I
 0.038781786  8  0  2  I
 0.065526200  8  1  2  I
 0.109634313  8  1  1  I
 0.908155391  8  1  1  i
