150863 4 4 0 E
39547727 4 4 1 E
269957139 4 4 2 E
309647093 4 4 3 E
309647339 4 4 0 E
356115832 4 4 1 E
698480538 4 4 2 E
745832509 4 4 3 E
745832709 4 4 0 E
781257691 4 4 1 E
1227087515 4 4 2 E
1263708802 4 4 3 E
1263709186 4 4 0 E
1293175845 4 4 1 E
1642482321 4 4 2 E
1679002123 4 4 3 E
1679002357 4 4 0 E
1702394080 4 4 1 E
2028071192 4 4 2 E
2047975924 4 4 3 E
2047976090 4 4 0 E
2074833495 4 4 1 E
2509268214 4 4 2 E
2539989486 4 4 3 E
2539989766 4 4 0 E
2557873440 4 4 1 E
2959279677 4 4 2 E
2998397410 4 4 3 E
2998397584 4 4 0 E
3035868915 4 4 1 E
3383091689 4 4 2 E
3420142931 4 4 3 E
3420143134 4 4 0 E
3438140952 4 4 1 E
3944852369 4 4 2 E
3957122742 4 4 3 E
3957122910 4 4 0 E
4001176017 4 4 1 E
4467022624 4 4 2 E
4509599608 4 4 3 E
4509599818 4 4 0 E
4540428913 4 4 1 E
4940608205 4 4 2 E
4957151063 4 4 3 E
4957151236 4 4 0 E
4989137903 4 4 1 E
5461920996 4 4 2 E
5478942424 4 4 3 E
5478942670 4 4 0 E
5505429573 4 4 1 E
5926787426 4 4 2 E
5966422954 4 4 3 E
5966423169 4 4 0 E
6012861370 4 4 1 E
6394500803 4 4 2 E
6428941001 4 4 3 E
6428941187 4 4 0 E
6440113869 4 4 1 E
6866541995 4 4 2 E
6887750365 4 4 3 E
6887750524 4 4 0 E
6907661184 4 4 1 E
7365555540 4 4 2 E
7395128307 4 4 3 E
7395128491 4 4 0 E
7424110889 4 4 1 E
7844754633 4 4 2 E
7891545708 4 4 3 E
7891564090 4 4 0 E
7922976508 4 4 1 E
8316450501 4 4 2 E
8348491184 4 4 3 E
8348491502 4 4 0 E
8359495422 4 4 1 E
8803957886 4 4 2 E
8850898937 4 4 3 E
8850899226 4 4 0 E
8873154735 4 4 1 E
9283195053 4 4 2 E
9298761672 4 4 3 E
9298762438 4 4 0 E
9318116396 4 4 1 E
9727957572 4 4 2 E
9773503670 4 4 3 E
9773503945 4 4 0 E
9820885119 4 4 1 E
10234645142 4 4 2 E
10245550082 4 4 3 E
10245550286 4 4 0 E
10287496589 4 4 1 E
10673093898 4 4 2 E
10717693429 4 4 3 E
10717693700 4 4 0 E
10737585288 4 4 1 E
11159919743 4 4 2 E
11181164461 4 4 3 E
11181164738 4 4 0 E
11203423822 4 4 1 E
11657891804 4 4 2 E
11674390101 4 4 3 E
11674390365 4 4 0 E
11696523639 4 4 1 E
12144361704 4 4 2 E
12191597749 4 4 3 E
12191598030 4 4 0 E
12238864732 4 4 1 E
12613885033 4 4 2 E
12627304979 4 4 3 E
12627305241 4 4 0 E
12656433012 4 4 1 E
13004847573 4 4 2 E
13023645813 4 4 3 E
13023646074 4 4 0 E
13070375130 4 4 1 E
13407453756 4 4 2 E
13445732563 4 4 3 E
13445732787 4 4 0 E
13485394949 4 4 1 E
13947111398 4 4 2 E
13959050507 4 4 3 E
13959050775 4 4 0 E
13991051714 4 4 1 E
14465103741 4 4 2 E
14506415690 4 4 3 E
14506415916 4 4 0 E
14540898080 4 4 1 E
14914415153 4 4 2 E
14961155635 4 4 3 E
14961155912 4 4 0 E
14996877654 4 4 1 E
15426897540 4 4 2 E
15444856516 4 4 3 E
15444856758 4 4 0 E
15480060274 4 4 1 E
15900748409 4 4 2 E
15944953448 4 4 3 E
15944953699 4 4 0 E
15982850787 4 4 1 E
16424998335 4 4 2 E
16472877011 4 4 3 E
16472877182 4 4 0 E
16515311275 4 4 1 E
16908126425 4 4 2 E
16920776091 4 4 3 E
16920776398 4 4 0 E
16948668540 4 4 1 E
17321728446 4 4 2 E
17346562254 4 4 3 E
17346562474 4 4 0 E
17391039690 4 4 1 E
17773564093 4 4 2 E
17784630157 4 4 3 E
17784630384 4 4 0 E
17806727433 4 4 1 E
18072837194 4 4 2 E
18123678594 4 4 3 E
18123678897 4 4 0 E
18170522828 4 4 1 E
18577828383 4 4 2 E
18626088551 4 4 3 E
18626088792 4 4 0 E
18676296227 4 4 1 E
19067751396 4 4 2 E
19099936146 4 4 3 E
19099936524 4 4 0 E
19132153095 4 4 1 E
19475723385 4 4 2 E
19492695648 4 4 3 E
19492695916 4 4 0 E
19506925065 4 4 1 E
19929452739 4 4 2 E
19971867287 4 4 3 E
19971867536 4 4 0 E
19997509704 4 4 1 E
20346758362 4 4 2 E
20383059351 4 4 3 E
20383059849 4 4 0 E
20420933204 4 4 1 E
20862208455 4 4 2 E
20872491994 4 4 3 E
20872492232 4 4 0 E
20899429762 4 4 1 E
21270005041 4 4 2 E
21317975372 4 4 3 E
21317975674 4 4 0 E
21355974940 4 4 1 E
21673768338 4 4 2 E
21688025576 4 4 3 E
21688026102 4 4 0 E
21702571278 4 4 1 E
22129953969 4 4 2 E
22141093216 4 4 3 E
22141093360 4 4 0 E
22157866837 4 4 1 E
22554322179 4 4 2 E
22579832821 4 4 3 E
22579833135 4 4 0 E
22620641950 4 4 1 E
23050232933 4 4 2 E
23091245825 4 4 3 E
23091245977 4 4 0 E
23134156280 4 4 1 E
23565155987 4 4 2 E
23615686433 4 4 3 E
23615686700 4 4 0 E
191683 10 10 0 K
39632097 10 10 1 K
309653629 10 10 2 K
332869493 10 10 3 K
332869750 10 10 0 K
383159889 10 10 1 K
746850473 10 10 2 K
768928508 10 10 3 K
768929034 10 10 0 K
818917094 10 10 1 K
1289662982 10 10 2 K
1334064511 10 10 3 K
1334064782 10 10 0 K
1377163497 10 10 1 K
1698016679 10 10 2 K
1712232360 10 10 3 K
1712232528 10 10 0 K
1758538201 10 10 1 K
2069168024 10 10 2 K
2086988807 10 10 3 K
2086989033 10 10 0 K
2129967001 10 10 1 K
2562202715 10 10 2 K
2587490018 10 10 3 K
2587490449 10 10 0 K
2637174242 10 10 1 K
3033618735 10 10 2 K
3063290086 10 10 3 K
3063290227 10 10 0 K
3085923923 10 10 1 K
3460413306 10 10 2 K
3499481813 10 10 3 K
3499482079 10 10 0 K
3546976921 10 10 1 K
3981158001 10 10 2 K
4017947703 10 10 3 K
4017947909 10 10 0 K
4053115115 10 10 1 K
4510551041 10 10 2 K
4531552026 10 10 3 K
4531552392 10 10 0 K
4580127156 10 10 1 K
4957157775 10 10 2 K
5007898590 10 10 3 K
5007898773 10 10 0 K
5036710560 10 10 1 K
5478946450 10 10 2 K
5511154392 10 10 3 K
5511154623 10 10 0 K
5538023438 10 10 1 K
5978592104 10 10 2 K
5990701089 10 10 3 K
5990701306 10 10 0 K
6017541932 10 10 1 K
6429942901 10 10 2 K
6442303807 10 10 3 K
6442304085 10 10 0 K
6454745437 10 10 1 K
6887837200 10 10 2 K
6935303875 10 10 3 K
6935304031 10 10 0 K
6969243896 10 10 1 K
7396207572 10 10 2 K
7429812228 10 10 3 K
7429812511 10 10 0 K
7445325827 10 10 1 K
7892640690 10 10 2 K
7925257070 10 10 3 K
7925277428 10 10 0 K
7958119831 10 10 1 K
8348587509 10 10 2 K
8374990113 10 10 3 K
8374990366 10 10 0 K
8408435148 10 10 1 K
8850903927 10 10 2 K
8892065687 10 10 3 K
8892065946 10 10 0 K
8919933637 10 10 1 K
9298856148 10 10 2 K
9335454536 10 10 3 K
9335454712 10 10 0 K
9367314273 10 10 1 K
9774505230 10 10 2 K
9824326028 10 10 3 K
9824326278 10 10 0 K
9874268237 10 10 1 K
10245552580 10 10 2 K
10285150802 10 10 3 K
10285151041 10 10 0 K
10318200075 10 10 1 K
10718588445 10 10 2 K
10742083037 10 10 3 K
10742083256 10 10 0 K
10778054398 10 10 1 K
11181172710 10 10 2 K
11206931205 10 10 3 K
11206931454 10 10 0 K
11246613133 10 10 1 K
11674392692 10 10 2 K
11720618841 10 10 3 K
11720619084 10 10 0 K
11754032129 10 10 1 K
12192658411 10 10 2 K
12224544820 10 10 3 K
12224545100 10 10 0 K
12267654081 10 10 1 K
12627464357 10 10 2 K
12655052368 10 10 3 K
12655052724 10 10 0 K
12670516375 10 10 1 K
13023649212 10 10 2 K
13040138154 10 10 3 K
13040138306 10 10 0 K
13054691219 10 10 1 K
13395295656 10 10 2 K
13406385872 10 10 3 K
13406386117 10 10 0 K
13438028254 10 10 1 K
13915995961 10 10 2 K
13930503323 10 10 3 K
13930503634 10 10 0 K
13963613130 10 10 1 K
14389107659 10 10 2 K
14416014511 10 10 3 K
14416014953 10 10 0 K
14446386409 10 10 1 K
14877369296 10 10 2 K
14899712456 10 10 3 K
14899712645 10 10 0 K
14909782746 10 10 1 K
15352015067 10 10 2 K
15385995774 10 10 3 K
15385996014 10 10 0 K
15406034799 10 10 1 K
15833457763 10 10 2 K
15870026634 10 10 3 K
15870026919 10 10 0 K
15907699712 10 10 1 K
16349893851 10 10 2 K
16381724955 10 10 3 K
16381725317 10 10 0 K
16402982460 10 10 1 K
16865030875 10 10 2 K
16882754491 10 10 3 K
16882754782 10 10 0 K
16895860621 10 10 1 K
17291692129 10 10 2 K
17307087207 10 10 3 K
17307087557 10 10 0 K
17344220418 10 10 1 K
17743558881 10 10 2 K
17772442557 10 10 3 K
17772442889 10 10 0 K
17821047676 10 10 1 K
18145859286 10 10 2 K
18163795522 10 10 3 K
18163795819 10 10 0 K
18183872034 10 10 1 K
18649437476 10 10 2 K
18696016597 10 10 3 K
18696017052 10 10 0 K
18719506885 10 10 1 K
19099953523 10 10 2 K
19150081833 10 10 3 K
19150082121 10 10 0 K
19197357987 10 10 1 K
19531594755 10 10 2 K
19547064250 10 10 3 K
19547064706 10 10 0 K
19570573780 10 10 1 K
19985010893 10 10 2 K
20031627250 10 10 3 K
20031627575 10 10 0 K
20043923970 10 10 1 K
20402085565 10 10 2 K
20442009168 10 10 3 K
20442009667 10 10 0 K
20472997925 10 10 1 K
20873618447 10 10 2 K
20905928628 10 10 3 K
20905929104 10 10 0 K
20918119076 10 10 1 K
21318991942 10 10 2 K
21333130615 10 10 3 K
21333130702 10 10 0 K
21357233267 10 10 1 K
21688038413 10 10 2 K
21699094728 10 10 3 K
21699095101 10 10 0 K
21718212712 10 10 1 K
22141096289 10 10 2 K
22156685310 10 10 3 K
22156685590 10 10 0 K
22194384346 10 10 1 K
22609619203 10 10 2 K
22655934764 10 10 3 K
22655935010 10 10 0 K
22696949090 10 10 1 K
23139794985 10 10 2 K
23190787325 10 10 3 K
23190787603 10 10 0 K
23216468183 10 10 1 K
23660952557 10 10 2 K
23709689270 10 10 3 K
23709689540 10 10 0 K
23756280599 10 10 1 K
24135744214 10 10 2 K
24185938087 10 10 3 K
24185938394 10 10 0 K
24216911863 10 10 1 K
24645860818 10 10 2 K
24670096723 10 10 3 K
24670096977 10 10 0 K
24717270632 10 10 1 K
25067148985 10 10 2 K
25090701815 10 10 3 K
25090702109 10 10 0 K
296971 13 13 0 N
47372340 13 13 1 N
365043830 13 13 2 N
378591817 13 13 3 N
378592049 13 13 0 N
398691615 13 13 1 N
799928030 13 13 2 N
832243672 13 13 3 N
832243856 13 13 0 N
869861406 13 13 1 N
1334981310 13 13 2 N
1362986845 13 13 3 N
1362987504 13 13 0 N
1393947748 13 13 1 N
1713380394 13 13 2 N
1760637164 13 13 3 N
1760637408 13 13 0 N
1787055260 13 13 1 N
2088084269 13 13 2 N
2112648717 13 13 3 N
2112648872 13 13 0 N
2142797278 13 13 1 N
2587581685 13 13 2 N
2629723924 13 13 3 N
2629724140 13 13 0 N
2641816734 13 13 1 N
3064581192 13 13 2 N
3087157600 13 13 3 N
3087157843 13 13 0 N
3128237020 13 13 1 N
3499490205 13 13 2 N
3549252109 13 13 3 N
3549252267 13 13 0 N
3579029291 13 13 1 N
4018945777 13 13 2 N
4054296146 13 13 3 N
4054296320 13 13 0 N
4065679495 13 13 1 N
4532549435 13 13 2 N
4567817936 13 13 3 N
4567818325 13 13 0 N
4597032026 13 13 1 N
5008824255 13 13 2 N
5053128855 13 13 3 N
5053129028 13 13 0 N
5070032229 13 13 1 N
5511156932 13 13 2 N
5529014477 13 13 3 N
5529014710 13 13 0 N
5549396903 13 13 1 N
5990704674 13 13 2 N
6020917277 13 13 3 N
6020917445 13 13 0 N
6037720351 13 13 1 N
6442306126 13 13 2 N
6474706964 13 13 3 N
6474707219 13 13 0 N
6498975065 13 13 1 N
6936389218 13 13 2 N
6960505653 13 13 3 N
6960505893 13 13 0 N
7009511031 13 13 1 N
7430795803 13 13 2 N
7459699077 13 13 3 N
7459699592 13 13 0 N
7492933483 13 13 1 N
7926034955 13 13 2 N
7959504367 13 13 3 N
7959533313 13 13 0 N
7975988893 13 13 1 N
8375980351 13 13 2 N
8413168962 13 13 3 N
8413169134 13 13 0 N
8445000678 13 13 1 N
8892069521 13 13 2 N
8941220572 13 13 3 N
8941220751 13 13 0 N
8991908630 13 13 1 N
9335459237 13 13 2 N
9372834440 13 13 3 N
9372834713 13 13 0 N
9404244958 13 13 1 N
9825503289 13 13 2 N
9852007592 13 13 3 N
9852007931 13 13 0 N
9901966753 13 13 1 N
10285153449 13 13 2 N
10302899564 13 13 3 N
10302899818 13 13 0 N
10351389770 13 13 1 N
10793797460 13 13 2 N
10812619227 13 13 3 N
10812619398 13 13 0 N
10859104460 13 13 1 N
11255504935 13 13 2 N
11277672390 13 13 3 N
11277672552 13 13 0 N
11315421787 13 13 1 N
11749406060 13 13 2 N
11792429849 13 13 3 N
11792430057 13 13 0 N
11814520143 13 13 1 N
12268679846 13 13 2 N
12280839150 13 13 3 N
12280839475 13 13 0 N
12305225703 13 13 1 N
12676956389 13 13 2 N
12705804485 13 13 3 N
12705804810 13 13 0 N
12746003596 13 13 1 N
13080620268 13 13 2 N
13094068455 13 13 3 N
13094068954 13 13 0 N
13125856985 13 13 1 N
13466651168 13 13 2 N
13501767572 13 13 3 N
13501767820 13 13 0 N
13529402285 13 13 1 N
13960042085 13 13 2 N
13979948354 13 13 3 N
13979948510 13 13 0 N
14005502754 13 13 1 N
14507512367 13 13 2 N
14519792331 13 13 3 N
14519792489 13 13 0 N
14554400491 13 13 1 N
14962086080 13 13 2 N
14993334604 13 13 3 N
14993334856 13 13 0 N
15024726175 13 13 1 N
15445864038 13 13 2 N
15484577424 13 13 3 N
15484577592 13 13 0 N
15523005987 13 13 1 N
15945037728 13 13 2 N
15970554697 13 13 3 N
15970554965 13 13 0 N
15994979354 13 13 1 N
16473795171 13 13 2 N
16508515636 13 13 3 N
16508515880 13 13 0 N
16530757838 13 13 1 N
16921756198 13 13 2 N
16939867770 13 13 3 N
16939867995 13 13 0 N
16970065432 13 13 1 N
17347542256 13 13 2 N
17394699259 13 13 3 N
17394699520 13 13 0 N
17429794439 13 13 1 N
17784632868 13 13 2 N
17795678520 13 13 3 N
17795678776 13 13 0 N
17817726605 13 13 1 N
18124697285 13 13 2 N
18145855235 13 13 3 N
18145855478 13 13 0 N
18174987975 13 13 1 N
18626093683 13 13 2 N
18649433147 13 13 3 N
18649433409 13 13 0 N
18663020412 13 13 1 N
19018361021 13 13 2 N
19066635911 13 13 3 N
19066636195 13 13 0 N
19099026820 13 13 1 N
19443945568 13 13 2 N
19474713504 13 13 3 N
19474728714 13 13 0 N
19517087437 13 13 1 N
19972856429 13 13 2 N
19984983486 13 13 3 N
19984983837 13 13 0 N
20028090265 13 13 1 N
20383148328 13 13 2 N
20400999731 13 13 3 N
20400999996 13 13 0 N
20420928190 13 13 1 N
20838063504 13 13 2 N
20861208637 13 13 3 N
20861208798 13 13 0 N
20873724931 13 13 1 N
21247493917 13 13 2 N
21268850290 13 13 3 N
21268850560 13 13 0 N
21293485636 13 13 1 N
21653945833 13 13 2 N
21672767976 13 13 3 N
21672768139 13 13 0 N
21721239803 13 13 1 N
22157793156 13 13 2 N
22182117707 13 13 3 N
22182118063 13 13 0 N
22214138352 13 13 1 N
22655949278 13 13 2 N
22702563246 13 13 3 N
22702563471 13 13 0 N
22726859813 13 13 1 N
23191863986 13 13 2 N
23213053885 13 13 3 N
23213054169 13 13 0 N
23263074028 13 13 1 N
23710591522 13 13 2 N
23733913931 13 13 3 N
23733914223 13 13 0 N
23750655437 13 13 1 N
24105885989 13 13 2 N
24135666653 13 13 3 N
24135666998 13 13 0 N
24162462515 13 13 1 N
24618937305 13 13 2 N
24645653389 13 13 3 N
24645653640 13 13 0 N
24660076216 13 13 1 N
25054976637 13 13 2 N
25066143422 13 13 3 N
25066143652 13 13 0 N
25101999525 13 13 1 N
25438017212 13 13 2 N
25481305770 13 13 3 N
25481306014 13 13 0 N
25515769538 13 13 1 N
25906767272 13 13 2 N
25923675606 13 13 3 N
25923675860 13 13 0 N
25943138879 13 13 1 N
26287025736 13 13 2 N
26306887045 13 13 3 N
26306887418 13 13 0 N
220465 8 8 0 I
44025752 8 8 1 I
333948653 8 8 2 I
364117203 8 8 3 I
364117420 8 8 0 I
386573157 8 8 1 I
768937895 8 8 2 I
799016420 8 8 3 I
799016631 8 8 0 I
818894130 8 8 1 I
1263913986 8 8 2 I
1288707187 8 8 3 I
1288707442 8 8 0 I
1338579038 8 8 1 I
1679028003 8 8 2 I
1698010403 8 8 3 I
1698010607 8 8 0 I
1744108585 8 8 1 I
2047981418 8 8 2 I
2067965490 8 8 3 I
2067966058 8 8 0 I
2107805737 8 8 1 I
2540005148 8 8 2 I
2561194697 8 8 3 I
2561194835 8 8 0 I
2572146519 8 8 1 I
2999520543 8 8 2 I
3032714295 8 8 3 I
3032714494 8 8 0 I
3070090403 8 8 1 I
3420169627 8 8 2 I
3459285200 8 8 3 I
3459285377 8 8 0 I
3495911058 8 8 1 I
3958091217 8 8 2 I
3981072872 8 8 3 I
3981073063 8 8 0 I
3995673455 8 8 1 I
4445825342 8 8 2 I
4466031224 8 8 3 I
4466031385 8 8 0 I
4493840182 8 8 1 I
4913695663 8 8 2 I
4940599385 8 8 3 I
4940599620 8 8 0 I
4982669601 8 8 1 I
5419792695 8 8 2 I
5460839087 8 8 3 I
5460839701 8 8 0 I
5506609745 8 8 1 I
5966432422 8 8 2 I
5977698576 8 8 3 I
5977698745 8 8 0 I
5991872309 8 8 1 I
6362152069 8 8 2 I
6393398834 8 8 3 I
6393399064 8 8 0 I
6414690740 8 8 1 I
6848594004 8 8 2 I
6865487218 8 8 3 I
6865487426 8 8 0 I
6883143212 8 8 1 I
7270413455 8 8 2 I
7316831671 8 8 3 I
7316831935 8 8 0 I
7361980121 8 8 1 I
7783668636 8 8 2 I
7798266980 8 8 3 I
7798277244 8 8 0 I
7810460217 8 8 1 I
8227103137 8 8 2 I
8263898040 8 8 3 I
8263898367 8 8 0 I
8307464910 8 8 1 I
8731141373 8 8 2 I
8770995522 8 8 3 I
8770995824 8 8 0 I
8798222418 8 8 1 I
9200882891 8 8 2 I
9227079586 8 8 3 I
9227079826 8 8 0 I
9274293260 8 8 1 I
9639653671 8 8 2 I
9679157010 8 8 3 I
9679157233 8 8 0 I
9716889959 8 8 1 I
10141094306 8 8 2 I
10160703621 8 8 3 I
10160703767 8 8 0 I
10193750225 8 8 1 I
10559844219 8 8 2 I
10599142683 8 8 3 I
10599142897 8 8 0 I
10614329458 8 8 1 I
11088398363 8 8 2 I
11129896881 8 8 3 I
11129897049 8 8 0 I
11147690911 8 8 1 I
11570433425 8 8 2 I
11596939442 8 8 3 I
11596939601 8 8 0 I
11633587675 8 8 1 I
12081072550 8 8 2 I
12097847407 8 8 3 I
12097847511 8 8 0 I
12142103659 8 8 1 I
12530753687 8 8 2 I
12545092617 8 8 3 I
12545092825 8 8 0 I
12591788037 8 8 1 I
12928876734 8 8 2 I
12961513023 8 8 3 I
12961513286 8 8 0 I
12994787839 8 8 1 I
13311303770 8 8 2 I
13348242521 8 8 3 I
13348242727 8 8 0 I
13398680823 8 8 1 I
13821564122 8 8 2 I
13869543301 8 8 3 I
13869543655 8 8 0 I
13887147537 8 8 1 I
14262397829 8 8 2 I
14310178048 8 8 3 I
14310178212 8 8 0 I
14352324817 8 8 1 I
14757448093 8 8 2 I
14805168720 8 8 3 I
14805168960 8 8 0 I
14823842024 8 8 1 I
15273149163 8 8 2 I
15302058690 8 8 3 I
15302058844 8 8 0 I
15325141156 8 8 1 I
15755405789 8 8 2 I
15786826168 8 8 3 I
15786826356 8 8 0 I
15817819158 8 8 1 I
16244075500 8 8 2 I
16286400652 8 8 3 I
16286400851 8 8 0 I
16323155839 8 8 1 I
16810829723 8 8 2 I
16847595164 8 8 3 I
16847595340 8 8 0 I
16876106855 8 8 1 I
17228484415 8 8 2 I
17269529935 8 8 3 I
17269530154 8 8 0 I
17299584202 8 8 1 I
17665590021 8 8 2 I
17683442880 8 8 3 I
17683443046 8 8 0 I
17732495946 8 8 1 I
18031936894 8 8 2 I
18042938622 8 8 3 I
18042938778 8 8 0 I
18068392217 8 8 1 I
18439494791 8 8 2 I
18480728560 8 8 3 I
18480728792 8 8 0 I
18510809424 8 8 1 I
18870516649 8 8 2 I
18908035474 8 8 3 I
18908035691 8 8 0 I
18948157754 8 8 1 I
19361137806 8 8 2 I
19379956079 8 8 3 I
19379956221 8 8 0 I
19403399859 8 8 1 I
19803619232 8 8 2 I
19834859996 8 8 3 I
19834860421 8 8 0 I
19856061793 8 8 1 I
20234649260 8 8 2 I
20250263852 8 8 3 I
20250264005 8 8 0 I
20276996994 8 8 1 I
20688427846 8 8 2 I
20711700089 8 8 3 I
20711700258 8 8 0 I
20745123535 8 8 1 I
21136536009 8 8 2 I
21149881959 8 8 3 I
21149882199 8 8 0 I
21163221898 8 8 1 I
21533940050 8 8 2 I
21557321642 8 8 3 I
21557321805 8 8 0 I
21599575959 8 8 1 I
21972141685 8 8 2 I
22004414915 8 8 3 I
22004415141 8 8 0 I
22036875282 8 8 1 I
22411777024 8 8 2 I
22442746636 8 8 3 I
22442746885 8 8 0 I
22473751770 8 8 1 I
22940709163 8 8 2 I
22968634017 8 8 3 I
22968634212 8 8 0 I
22979629188 8 8 1 I
23433062568 8 8 2 I
23446558720 8 8 3 I
23446558970 8 8 0 I
23465811224 8 8 1 I
23883113146 8 8 2 I
23903376618 8 8 3 I
23903376766 8 8 0 I
23938518238 8 8 1 I
24372392974 8 8 2 I
24393676431 8 8 3 I
24393676677 8 8 0 I
24405918885 8 8 1 I
24811457351 8 8 2 I
24845722799 8 8 3 I
24845726096 8 8 0 I
24887646472 8 8 1 I
25251871105 8 8 2 I
25270732226 8 8 3 I
25270732453 8 8 0 I
25290043198 8 8 1 I
25658853347 8 8 2 I
25694226902 8 8 3 I
25694227182 8 8 0 I
25737145422 8 8 1 I
26064816369 8 8 2 I
26083816574 8 8 3 I
26083816790 8 8 0 I
26112578042 8 8 1 I
26488889157 8 8 2 I
26531545772 8 8 3 I
26531545930 8 8 0 I
26557964427 8 8 1 I
26832545786 8 8 2 I
26860133917 8 8 3 I
26860134150 8 8 0 I
26871513894 8 8 1 I
27187095184 8 8 2 I
27220239614 8 8 3 I
27220239776 8 8 0 I
121896 14 14 0 O
22263833 14 14 1 O
90981646 14 14 2 O
107646344 14 14 3 O
107646569 14 14 0 O
118615921 14 14 1 O
478506994 14 14 2 O
501832866 14 14 3 O
501833025 14 14 0 O
531912761 14 14 1 O
966781482 14 14 2 O
988099718 14 14 3 O
988100031 14 14 0 O
1011906116 14 14 1 O
1484395376 14 14 2 O
1496921906 14 14 3 O
1496922116 14 14 0 O
1546821101 14 14 1 O
1887919149 14 14 2 O
1904780037 14 14 3 O
1904780210 14 14 0 O
1951942776 14 14 1 O
2371582141 14 14 2 O
2409002201 14 14 3 O
2409002357 14 14 0 O
2459098497 14 14 1 O
2780941636 14 14 2 O
2830865640 14 14 3 O
2830865896 14 14 0 O
2859460671 14 14 1 O
3247861561 14 14 2 O
3266709621 14 14 3 O
3266709897 14 14 0 O
3306444020 14 14 1 O
3733662911 14 14 2 O
3782797235 14 14 3 O
3782797482 14 14 0 O
3810208399 14 14 1 O
4236829761 14 14 2 O
4282181386 14 14 3 O
4282181532 14 14 0 O
4309792437 14 14 1 O
4726947711 14 14 2 O
4761181144 14 14 3 O
4761181322 14 14 0 O
4799218972 14 14 1 O
5243524260 14 14 2 O
5264777942 14 14 3 O
5264778086 14 14 0 O
5306814928 14 14 1 O
5783981126 14 14 2 O
5827208834 14 14 3 O
5827209044 14 14 0 O
5849635856 14 14 1 O
6190286251 14 14 2 O
6209712966 14 14 3 O
6209713121 14 14 0 O
6228552422 14 14 1 O
6659824618 14 14 2 O
6706805336 14 14 3 O
6706805566 14 14 0 O
6755543331 14 14 1 O
7134762950 14 14 2 O
7155126865 14 14 3 O
7155127029 14 14 0 O
7205093875 14 14 1 O
7666650959 14 14 2 O
7695330151 14 14 3 O
7695368903 14 14 0 O
7733493353 14 14 1 O
8135821975 14 14 2 O
8181038844 14 14 3 O
8181039111 14 14 0 O
8200873341 14 14 1 O
8608927881 14 14 2 O
8639863507 14 14 3 O
8639863901 14 14 0 O
8656571509 14 14 1 O
9139111617 14 14 2 O
9155708025 14 14 3 O
9155708400 14 14 0 O
9194165903 14 14 1 O
9537450598 14 14 2 O
9562182763 14 14 3 O
9562183025 14 14 0 O
9586694121 14 14 1 O
10049263101 14 14 2 O
10078423766 14 14 3 O
10078424043 14 14 0 O
10103721506 14 14 1 O
10464406515 14 14 2 O
10484290398 14 14 3 O
10484290702 14 14 0 O
10508969824 14 14 1 O
11017075023 14 14 2 O
11045294071 14 14 3 O
11045294373 14 14 0 O
11091830253 14 14 1 O
11434543514 14 14 2 O
11471113550 14 14 3 O
11471113771 14 14 0 O
11483230500 14 14 1 O
11968482612 14 14 2 O
12009880709 14 14 3 O
12009880957 14 14 0 O
12059906124 14 14 1 O
12447307254 14 14 2 O
12464038584 14 14 3 O
12464038826 14 14 0 O
12482002045 14 14 1 O
12856809296 14 14 2 O
12878025178 14 14 3 O
12878025422 14 14 0 O
12904570359 14 14 1 O
13242451532 14 14 2 O
13271495754 14 14 3 O
13271496063 14 14 0 O
13302283751 14 14 1 O
13716605390 14 14 2 O
13751127833 14 14 3 O
13751128087 14 14 0 O
13800135224 14 14 1 O
14145060661 14 14 2 O
14190503228 14 14 3 O
14190503504 14 14 0 O
14229219695 14 14 1 O
14637880593 14 14 2 O
14671119763 14 14 3 O
14671119958 14 14 0 O
14694354722 14 14 1 O
15153674547 14 14 2 O
15201084426 14 14 3 O
15201084677 14 14 0 O
15239081574 14 14 1 O
15647510401 14 14 2 O
15675119799 14 14 3 O
15675120179 14 14 0 O
15703102977 14 14 1 O
16164280381 14 14 2 O
16186582618 14 14 3 O
16186582817 14 14 0 O
16215169091 14 14 1 O
16674897513 14 14 2 O
16690363676 14 14 3 O
16690363825 14 14 0 O
16722095922 14 14 1 O
17096561745 14 14 2 O
17141057810 14 14 3 O
17141058088 14 14 0 O
17167818176 14 14 1 O
17565246490 14 14 2 O
17585126883 14 14 3 O
17585127239 14 14 0 O
17615245357 14 14 1 O
17939479133 14 14 2 O
17956232732 14 14 3 O
17956232914 14 14 0 O
17991929619 14 14 1 O
18360207994 14 14 2 O
18382544359 14 14 3 O
18382544611 14 14 0 O
18401766860 14 14 1 O
18831847732 14 14 2 O
18843901584 14 14 3 O
18843901808 14 14 0 O
18883543353 14 14 1 O
19301478920 14 14 2 O
19327919036 14 14 3 O
19327919295 14 14 0 O
19356700455 14 14 1 O
19718098065 14 14 2 O
19760071667 14 14 3 O
19760071924 14 14 0 O
19774868322 14 14 1 O
20201528347 14 14 2 O
20222578994 14 14 3 O
20222579267 14 14 0 O
20264492487 14 14 1 O
20667178004 14 14 2 O
20687250672 14 14 3 O
20687251259 14 14 0 O
20724089012 14 14 1 O
21092078101 14 14 2 O
21136516639 14 14 3 O
21136516874 14 14 0 O
21164360883 14 14 1 O
21557328116 14 14 2 O
21571745654 14 14 3 O
21571746056 14 14 0 O
21607474947 14 14 1 O
22004418547 14 14 2 O
22035613185 14 14 3 O
22035613443 14 14 0 O
22050054798 14 14 1 O
22442821955 14 14 2 O
22477183393 14 14 3 O
22477183631 14 14 0 O
22493737170 14 14 1 O
22969665891 14 14 2 O
23011626390 14 14 3 O
23011626644 14 14 0 O
23031600378 14 14 1 O
23482588752 14 14 2 O
23509486250 14 14 3 O
23509486506 14 14 0 O
23556268301 14 14 1 O
23964128658 14 14 2 O
23992080382 14 14 3 O
23992080657 14 14 0 O
24025959531 14 14 1 O
24479143142 14 14 2 O
24499208202 14 14 3 O
24499208432 14 14 0 O
24532324974 14 14 1 O
24914469692 14 14 2 O
24964291408 14 14 3 O
24964291661 14 14 0 O
25006173568 14 14 1 O
25320074122 14 14 2 O
25367212129 14 14 3 O
25367212373 14 14 0 O
25398090266 14 14 1 O
25772649182 14 14 2 O
25792080301 14 14 3 O
25792080562 14 14 0 O
25822746303 14 14 1 O
26165506481 14 14 2 O
26189072007 14 14 3 O
26189072272 14 14 0 O
26210322372 14 14 1 O
26594467233 14 14 2 O
26626697807 14 14 3 O
26626698081 14 14 0 O
26653072463 14 14 1 O
26905535876 14 14 2 O
26939661678 14 14 3 O
26939661934 14 14 0 O
26988304328 14 14 1 O
27283285527 14 14 2 O
27313357019 14 14 3 O
27313357306 14 14 0 O
27345089570 14 14 1 O
27629730286 14 14 2 O
27678149105 14 14 3 O
27678149398 14 14 0 O
27716908609 14 14 1 O
27937940821 14 14 2 O
27951269167 14 14 3 O
27951269487 14 14 0 O
27983667169 14 14 1 O
28242588184 14 14 2 O
28292099310 14 14 3 O
28292099576 14 14 0 O
28318854655 14 14 1 O
28598190291 14 14 2 O
28621471938 14 14 3 O
28621472418 14 14 0 O
28635709378 14 14 1 O
28935885680 14 14 2 O
28984453078 14 14 3 O
28984453335 14 14 0 O
248619 2 2 0 C
31985721 2 2 1 C
129918858 2 2 2 C
163397654 2 2 3 C
163397892 2 2 0 C
194386518 2 2 1 C
535184820 2 2 2 C
564319633 2 2 3 C
564319816 2 2 0 C
576699447 2 2 1 C
1027576274 2 2 2 C
1068231621 2 2 3 C
1068231858 2 2 0 C
1080682617 2 2 1 C
1509085891 2 2 2 C
1527952202 2 2 3 C
1527952450 2 2 0 C
1553463708 2 2 1 C
1905669238 2 2 2 C
1929996974 2 2 3 C
1929997197 2 2 0 C
1943110174 2 2 1 C
2321306544 2 2 2 C
2370498404 2 2 3 C
2370498576 2 2 0 C
2411419819 2 2 1 C
2769827326 2 2 2 C
2780938660 2 2 3 C
2780938828 2 2 0 C
2826396741 2 2 1 C
3215705717 2 2 2 C
3247838732 2 2 3 C
3247838941 2 2 0 C
3259957334 2 2 1 C
3711581722 2 2 2 C
3733583274 2 2 3 C
3733583498 2 2 0 C
3759191523 2 2 1 C
4203553550 2 2 2 C
4235869819 2 2 3 C
4235870067 2 2 0 C
4270919825 2 2 1 C
4699648268 2 2 2 C
4726943588 2 2 3 C
4726943805 2 2 0 C
4739300682 2 2 1 C
5205742549 2 2 2 C
5242465932 2 2 3 C
5242466229 2 2 0 C
5256837952 2 2 1 C
5738578648 2 2 2 C
5783975644 2 2 3 C
5783975798 2 2 0 C
5826029803 2 2 1 C
6165026899 2 2 2 C
6189234318 2 2 3 C
6189234548 2 2 0 C
6225041123 2 2 1 C
6640834456 2 2 2 C
6659818505 2 2 3 C
6659818811 2 2 0 C
6675449469 2 2 1 C
7080591565 2 2 2 C
7109124855 2 2 3 C
7109125018 2 2 0 C
7129094141 2 2 1 C
7604619193 2 2 2 C
7618071892 2 2 3 C
7618102907 2 2 0 C
7649329835 2 2 1 C
8087925060 2 2 2 C
8101711447 2 2 3 C
8101711677 2 2 0 C
8130118164 2 2 1 C
8516524116 2 2 2 C
8551385389 2 2 3 C
8551385650 2 2 0 C
8571139151 2 2 1 C
9034414739 2 2 2 C
9073060392 2 2 3 C
9073060595 2 2 0 C
9085235434 2 2 1 C
9434116272 2 2 2 C
9461846381 2 2 3 C
9461846540 2 2 0 C
9509669516 2 2 1 C
9951530001 2 2 2 C
9989952552 2 2 3 C
9989952765 2 2 0 C
10014864039 2 2 1 C
10381209060 2 2 2 C
10404451989 2 2 3 C
10404452209 2 2 0 C
10440776331 2 2 1 C
10903669055 2 2 2 C
10932813866 2 2 3 C
10932814087 2 2 0 C
10965058846 2 2 1 C
11350744880 2 2 2 C
11367108805 2 2 3 C
11367108987 2 2 0 C
11392584616 2 2 1 C
11853199258 2 2 2 C
11873378001 2 2 3 C
11873378250 2 2 0 C
11902830663 2 2 1 C
12356618802 2 2 2 C
12387655403 2 2 3 C
12387655682 2 2 0 C
12401947727 2 2 1 C
12798018278 2 2 2 C
12811672033 2 2 3 C
12811672240 2 2 0 C
12852618313 2 2 1 C
13152532408 2 2 2 C
13189001925 2 2 3 C
13189002133 2 2 0 C
13203640578 2 2 1 C
13594067754 2 2 2 C
13629086792 2 2 3 C
13629087105 2 2 0 C
13645593837 2 2 1 C
14060192075 2 2 2 C
14091530714 2 2 3 C
14091530983 2 2 0 C
14108092533 2 2 1 C
14556701829 2 2 2 C
14578878488 2 2 3 C
14578878715 2 2 0 C
14598026905 2 2 1 C
15055182062 2 2 2 C
15081021576 2 2 3 C
15081021745 2 2 0 C
15117075950 2 2 1 C
15536099637 2 2 2 C
15551849448 2 2 3 C
15551849782 2 2 0 C
15582993809 2 2 1 C
16038595886 2 2 2 C
16088054259 2 2 3 C
16088054535 2 2 0 C
16127504356 2 2 1 C
16581955881 2 2 2 C
16595217225 2 2 3 C
16595217411 2 2 0 C
16633767530 2 2 1 C
17006167114 2 2 2 C
17025010433 2 2 3 C
17025019455 2 2 0 C
17042734759 2 2 1 C
17430877854 2 2 2 C
17449094583 2 2 3 C
17449094844 2 2 0 C
17470061589 2 2 1 C
17845398611 2 2 2 C
17868483250 2 2 3 C
17868483615 2 2 0 C
17899274068 2 2 1 C
18208724616 2 2 2 C
18256500619 2 2 3 C
18256500905 2 2 0 C
18296476458 2 2 1 C
18719516521 2 2 2 C
18750520412 2 2 3 C
18750520697 2 2 0 C
18781599927 2 2 1 C
19170961790 2 2 2 C
19185044069 2 2 3 C
19185044336 2 2 0 C
19208757497 2 2 1 C
19547181747 2 2 2 C
19591349249 2 2 3 C
19591349531 2 2 0 C
19622018641 2 2 1 C
20053985476 2 2 2 C
20093135816 2 2 3 C
20093136113 2 2 0 C
20136425655 2 2 1 C
20481756491 2 2 2 C
20511831833 2 2 3 C
20511832071 2 2 0 C
20549666827 2 2 1 C
20920604987 2 2 2 C
20964861304 2 2 3 C
20964861597 2 2 0 C
20990422044 2 2 1 C
21361750255 2 2 2 C
21396385744 2 2 3 C
21396386050 2 2 0 C
21426826723 2 2 1 C
21748898234 2 2 2 C
21773281584 2 2 3 C
21773281817 2 2 0 C
21808491210 2 2 1 C
22224018336 2 2 2 C
22264497198 2 2 3 C
22264497476 2 2 0 C
22304170081 2 2 1 C
22745839835 2 2 2 C
22780459866 2 2 3 C
22780460103 2 2 0 C
22826018335 2 2 1 C
23240922956 2 2 2 C
23283168713 2 2 3 C
23283169016 2 2 0 C
23298895978 2 2 1 C
23770621505 2 2 2 C
23795915797 2 2 3 C
23795916063 2 2 0 C
23837017582 2 2 1 C
24210267136 2 2 2 C
24257056329 2 2 3 C
24257056604 2 2 0 C
24287958384 2 2 1 C
24709771852 2 2 2 C
24750552686 2 2 3 C
24750553063 2 2 0 C
24773977680 2 2 1 C
25139889223 2 2 2 C
25180785759 2 2 3 C
25180786027 2 2 0 C
25226006766 2 2 1 C
25498925218 2 2 2 C
25543638800 2 2 3 C
25543639077 2 2 0 C
25583428496 2 2 1 C
25948912697 2 2 2 C
25963015057 2 2 3 C
25963015266 2 2 0 C
25974096354 2 2 1 C
26308073467 2 2 2 C
26347332139 2 2 3 C
26347332425 2 2 0 C
26378032504 2 2 1 C
26709003930 2 2 2 C
26734594372 2 2 3 C
26734594614 2 2 0 C
26763502576 2 2 1 C
27023847872 2 2 2 C
27041500718 2 2 3 C
27041500960 2 2 0 C
27090114019 2 2 1 C
27403713205 2 2 2 C
27436324425 2 2 3 C
27436324710 2 2 0 C
27481661175 2 2 1 C
27723665227 2 2 2 C
27746960217 2 2 3 C
27746960453 2 2 0 C
27791471668 2 2 1 C
28036122052 2 2 2 C
28083543534 2 2 3 C
28083543853 2 2 0 C
28123096733 2 2 1 C
28377386218 2 2 2 C
28399642921 2 2 3 C
28399643185 2 2 0 C
28441579312 2 2 1 C
28711868200 2 2 2 C
28746802277 2 2 3 C
28746802553 2 2 0 C
28760982868 2 2 1 C
29088847146 2 2 2 C
29135431046 2 2 3 C
29135431352 2 2 0 C
29155910958 2 2 1 C
29400120716 2 2 2 C
29447763488 2 2 3 C
29447763820 2 2 0 C
29473001681 2 2 1 C
29712749147 2 2 2 C
29745866275 2 2 3 C
29745866490 2 2 0 C
288739 6 6 0 G
34760825 6 6 1 G
204240824 6 6 2 G
234387051 6 6 3 G
234387264 6 6 0 G
277598757 6 6 1 G
632855180 6 6 2 G
668803389 6 6 3 G
668803634 6 6 0 G
707410945 6 6 1 G
1145056126 6 6 2 G
1181732752 6 6 3 G
1181733045 6 6 0 G
1203849759 6 6 1 G
1582584538 6 6 2 G
1610002191 6 6 3 G
1610002396 6 6 0 G
1655711584 6 6 1 G
1989575818 6 6 2 G
2009234679 6 6 3 G
2009234844 6 6 0 G
2050550525 6 6 1 G
2449898413 6 6 2 G
2471643067 6 6 3 G
2471643337 6 6 0 G
2504745400 6 6 1 G
2902813730 6 6 2 G
2937110321 6 6 3 G
2937110557 6 6 0 G
2983861235 6 6 1 G
3323815626 6 6 2 G
3347113088 6 6 3 G
3347113296 6 6 0 G
3358409714 6 6 1 G
3827743732 6 6 2 G
3855763216 6 6 3 G
3855763425 6 6 0 G
3878936065 6 6 1 G
4321935174 6 6 2 G
4360610927 6 6 3 G
4360611211 6 6 0 G
4387000788 6 6 1 G
4809629464 6 6 2 G
4841271297 6 6 3 G
4841271690 6 6 0 G
4866980452 6 6 1 G
5315846595 6 6 2 G
5362182440 6 6 3 G
5362182656 6 6 0 G
5405133749 6 6 1 G
5844907489 6 6 2 G
5859484830 6 6 3 G
5859484986 6 6 0 G
5880204985 6 6 1 G
6210707445 6 6 2 G
6260514229 6 6 3 G
6260514403 6 6 0 G
6271569447 6 6 1 G
6706826503 6 6 2 G
6751082750 6 6 3 G
6751082949 6 6 0 G
6773480724 6 6 1 G
7156103868 6 6 2 G
7198807974 6 6 3 G
7198808119 6 6 0 G
7244594144 6 6 1 G
7695373239 6 6 2 G
7714059176 6 6 3 G
7714076841 6 6 0 G
7736697801 6 6 1 G
8181130589 6 6 2 G
8216138897 6 6 3 G
8216139116 6 6 0 G
8233995640 6 6 1 G
8639871003 6 6 2 G
8689022025 6 6 3 G
8689022305 6 6 0 G
8712234497 6 6 1 G
9155787595 6 6 2 G
9172250285 6 6 3 G
9172250440 6 6 0 G
9218908930 6 6 1 G
9563109921 6 6 2 G
9589731351 6 6 3 G
9589731640 6 6 0 G
9637354962 6 6 1 G
10079389298 6 6 2 G
10110148877 6 6 3 G
10110149089 6 6 0 G
10145858440 6 6 1 G
10485443701 6 6 2 G
10518795943 6 6 3 G
10518796192 6 6 0 G
10538888913 6 6 1 G
11046180805 6 6 2 G
11076231987 6 6 3 G
11076232218 6 6 0 G
11112833195 6 6 1 G
11472025168 6 6 2 G
11519828848 6 6 3 G
11519829153 6 6 0 G
11569361244 6 6 1 G
12010882675 6 6 2 G
12049935101 6 6 3 G
12049935377 6 6 0 G
12094505416 6 6 1 G
12464045381 6 6 2 G
12512913468 6 6 3 G
12512913723 6 6 0 G
12523957453 6 6 1 G
12878948630 6 6 2 G
12915580804 6 6 3 G
12915581042 6 6 0 G
12931191042 6 6 1 G
13271502757 6 6 2 G
13286819483 6 6 3 G
13286819759 6 6 0 G
13326959313 6 6 1 G
13752107258 6 6 2 G
13782635387 6 6 3 G
13782635664 6 6 0 G
13831735671 6 6 1 G
14190507849 6 6 2 G
14213775015 6 6 3 G
14213775291 6 6 0 G
14262401748 6 6 1 G
14672090889 6 6 2 G
14715658278 6 6 3 G
14715658498 6 6 0 G
14737621737 6 6 1 G
15202083857 6 6 2 G
15229738109 6 6 3 G
15229738377 6 6 0 G
15244453870 6 6 1 G
15675225806 6 6 2 G
15710934561 6 6 3 G
15710934815 6 6 0 G
15752925604 6 6 1 G
16187596914 6 6 2 G
16224957877 6 6 3 G
16224958260 6 6 0 G
16270714328 6 6 1 G
16691452699 6 6 2 G
16739743144 6 6 3 G
16739743409 6 6 0 G
16758651145 6 6 1 G
17142047336 6 6 2 G
17157591931 6 6 3 G
17157592161 6 6 0 G
17167922740 6 6 1 G
17586300344 6 6 2 G
17626572972 6 6 3 G
17626573523 6 6 0 G
17651008967 6 6 1 G
17957213087 6 6 2 G
17982906846 6 6 3 G
17982907080 6 6 0 G
18021957154 6 6 1 G
18414051270 6 6 2 G
18438524970 6 6 3 G
18438525242 6 6 0 G
18476172303 6 6 1 G
18858102161 6 6 2 G
18869485611 6 6 3 G
18869485950 6 6 0 G
18899106997 6 6 1 G
19328003322 6 6 2 G
19361042119 6 6 3 G
19361042336 6 6 0 G
19374130954 6 6 1 G
19761125864 6 6 2 G
19803614208 6 6 3 G
19803614441 6 6 0 G
19833493086 6 6 1 G
20223552205 6 6 2 G
20234534482 6 6 3 G
20234534805 6 6 0 G
20254566806 6 6 1 G
20634204364 6 6 2 G
20666106962 6 6 3 G
20666107202 6 6 0 G
20711904815 6 6 1 G
21074472413 6 6 2 G
21091998895 6 6 3 G
21091999117 6 6 0 G
21118955345 6 6 1 G
21507375635 6 6 2 G
21532930918 6 6 3 G
21532931153 6 6 0 G
21561869897 6 6 1 G
21925908415 6 6 2 G
21971148503 6 6 3 G
21971148781 6 6 0 G
22021038806 6 6 1 G
22395110341 6 6 2 G
22411772159 6 6 3 G
22411772502 6 6 0 G
22460273514 6 6 1 G
22908097232 6 6 2 G
22940702608 6 6 3 G
22940702907 6 6 0 G
22979630882 6 6 1 G
23446655359 6 6 2 G
23481566028 6 6 3 G
23481566254 6 6 0 G
23499681939 6 6 1 G
23917714481 6 6 2 G
23963133625 6 6 3 G
23963133906 6 6 0 G
24001913191 6 6 1 G
24438155313 6 6 2 G
24479136123 6 6 3 G
24479136375 6 6 0 G
24496852491 6 6 1 G
24864532747 6 6 2 G
24913470741 6 6 3 G
24913471015 6 6 0 G
24953034591 6 6 1 G
25293111948 6 6 2 G
25319947894 6 6 3 G
25319948328 6 6 0 G
25351434058 6 6 1 G
25725128132 6 6 2 G
25771604037 6 6 3 G
25771604274 6 6 0 G
25789354332 6 6 1 G
26114620854 6 6 2 G
26164508422 6 6 3 G
26164508655 6 6 0 G
26196879507 6 6 1 G
26544594290 6 6 2 G
26594459041 6 6 3 G
26594459278 6 6 0 G
26631043457 6 6 1 G
26861369388 6 6 2 G
26905456099 6 6 3 G
26905456333 6 6 0 G
26922054491 6 6 1 G
27220260143 6 6 2 G
27262151653 6 6 3 G
27262152130 6 6 0 G
27279908870 6 6 1 G
27568873141 6 6 2 G
27608642924 6 6 3 G
27608643296 6 6 0 G
27635290278 6 6 1 G
27884472856 6 6 2 G
27915532065 6 6 3 G
27915532353 6 6 0 G
27935568022 6 6 1 G
28198118058 6 6 2 G
28242497012 6 6 3 G
28242497296 6 6 0 G
28273048009 6 6 1 G
28569497214 6 6 2 G
28598063618 6 6 3 G
28598063934 6 6 0 G
28632480907 6 6 1 G
28901685933 6 6 2 G
28935880460 6 6 3 G
28935880762 6 6 0 G
28982111504 6 6 1 G
29239059380 6 6 2 G
29285467514 6 6 3 G
29285467741 6 6 0 G
29329751153 6 6 1 G
29562225692 6 6 2 G
29589879348 6 6 3 G
29589879695 6 6 0 G
29624062635 6 6 1 G
29910531997 6 6 2 G
29945899587 6 6 3 G
29945899911 6 6 0 G
185579 9 9 0 J
34633500 9 9 1 J
179940122 9 9 2 J
203271778 9 9 3 J
203271958 9 9 0 J
219918044 9 9 1 J
598693628 9 9 2 J
632849138 9 9 3 J
632849284 9 9 0 J
651544945 9 9 1 J
1110573505 9 9 2 J
1144140418 9 9 3 J
1144140602 9 9 0 J
1189594188 9 9 1 J
1555764762 9 9 2 J
1582579074 9 9 3 J
1582579254 9 9 0 J
1621643796 9 9 1 J
1970903640 9 9 2 J
1989571133 9 9 3 J
1989571407 9 9 0 J
2022736389 9 9 1 J
2435593005 9 9 2 J
2448901266 9 9 3 J
2448901434 9 9 0 J
2469129425 9 9 1 J
2852918475 9 9 2 J
2901809788 9 9 3 J
2901809967 9 9 0 J
2913957361 9 9 1 J
3299751794 9 9 2 J
3323717937 9 9 3 J
3323718152 9 9 0 J
3364006057 9 9 1 J
3856737021 9 9 2 J
3902040232 9 9 3 J
3902040442 9 9 0 J
3945849936 9 9 1 J
4360613707 9 9 2 J
4409993588 9 9 3 J
4409993842 9 9 0 J
4440087118 9 9 1 J
4842295091 9 9 2 J
4886998840 9 9 3 J
4886999106 9 9 0 J
4910384430 9 9 1 J
5363246948 9 9 2 J
5395313968 9 9 3 J
5395314134 9 9 0 J
5421978246 9 9 1 J
5859488792 9 9 2 J
5900233461 9 9 3 J
5900233673 9 9 0 J
5946707105 9 9 1 J
6306989798 9 9 2 J
6325857695 9 9 3 J
6325857978 9 9 0 J
6369995934 9 9 1 J
6773362687 9 9 2 J
6811209704 9 9 3 J
6811209879 9 9 0 J
6843056350 9 9 1 J
7222803433 9 9 2 J
7269314436 9 9 3 J
7269314707 9 9 0 J
7292172885 9 9 1 J
7765129638 9 9 2 J
7783659935 9 9 3 J
7783665883 9 9 0 J
7824798960 9 9 1 J
8264074530 9 9 2 J
8300754970 9 9 3 J
8300755197 9 9 0 J
8311919001 9 9 1 J
8770998229 9 9 2 J
8788041840 9 9 3 J
8788042028 9 9 0 J
8812896419 9 9 1 J
9227083675 9 9 2 J
9269893482 9 9 3 J
9269893705 9 9 0 J
9283184566 9 9 1 J
9680124946 9 9 2 J
9712295072 9 9 3 J
9712295330 9 9 0 J
9737880939 9 9 1 J
10161604495 9 9 2 J
10206879744 9 9 3 J
10206880011 9 9 0 J
10251154587 9 9 1 J
10600050228 9 9 2 J
10645103154 9 9 3 J
10645103451 9 9 0 J
10663965180 9 9 1 J
11130896860 9 9 2 J
11146540255 9 9 3 J
11146540463 9 9 0 J
11163505518 9 9 1 J
11597019553 9 9 2 J
11637857572 9 9 3 J
11637857828 9 9 0 J
11681003157 9 9 1 J
12121113817 9 9 2 J
12144333548 9 9 3 J
12144333789 9 9 0 J
12162419940 9 9 1 J
12545096160 9 9 2 J
12576152622 9 9 3 J
12576152795 9 9 0 J
12609495260 9 9 1 J
12962609362 9 9 2 J
12981243923 9 9 3 J
12981244114 9 9 0 J
13014867951 9 9 1 J
13348265580 9 9 2 J
13375617732 9 9 3 J
13375618013 9 9 0 J
13416307570 9 9 1 J
13869573025 9 9 2 J
13899579092 9 9 3 J
13899579236 9 9 0 J
13917081271 9 9 1 J
14311395824 9 9 2 J
14341225589 9 9 3 J
14341225755 9 9 0 J
14375844852 9 9 1 J
14806071104 9 9 2 J
14849895639 9 9 3 J
14849895945 9 9 0 J
14894032126 9 9 1 J
15338720299 9 9 2 J
15351910812 9 9 3 J
15351910991 9 9 0 J
15373804516 9 9 1 J
15811898260 9 9 2 J
15832351885 9 9 3 J
15832352045 9 9 0 J
15864295179 9 9 1 J
16302079289 9 9 2 J
16349815748 9 9 3 J
16349815917 9 9 0 J
16383859887 9 9 1 J
16848460795 9 9 2 J
16865025572 9 9 3 J
16865025708 9 9 0 J
16887134862 9 9 1 J
17269604635 9 9 2 J
17290693557 9 9 3 J
17290693827 9 9 0 J
17328289889 9 9 1 J
17684451574 9 9 2 J
17728087632 9 9 3 J
17728087802 9 9 0 J
17768118212 9 9 1 J
18060626238 9 9 2 J
18071750725 9 9 3 J
18071750883 9 9 0 J
18092165995 9 9 1 J
18542085888 9 9 2 J
18577745121 9 9 3 J
18577745395 9 9 0 J
18597705496 9 9 1 J
18998010219 9 9 2 J
19018334664 9 9 3 J
19018334991 9 9 0 J
19055481351 9 9 1 J
19430112264 9 9 2 J
19442729718 9 9 3 J
19442729984 9 9 0 J
19490137498 9 9 1 J
19905947256 9 9 2 J
19928338624 9 9 3 J
19928338788 9 9 0 J
19977248031 9 9 1 J
20297940539 9 9 2 J
20346752819 9 9 3 J
20346753047 9 9 0 J
20384142856 9 9 1 J
20800435237 9 9 2 J
20837076995 9 9 3 J
20837077165 9 9 0 J
20867921218 9 9 1 J
21215151260 9 9 2 J
21247491392 9 9 3 J
21247491619 9 9 0 J
21259854817 9 9 1 J
21619820134 9 9 2 J
21636408931 9 9 3 J
21636409105 9 9 0 J
21670614033 9 9 1 J
22059955978 9 9 2 J
22106679032 9 9 3 J
22106679183 9 9 0 J
22134499551 9 9 1 J
22513469177 9 9 2 J
22553204283 9 9 3 J
22553204445 9 9 0 J
22577760903 9 9 1 J
23034671544 9 9 2 J
23050228973 9 9 3 J
23050229128 9 9 0 J
23073348511 9 9 1 J
23538481547 9 9 2 J
23565047733 9 9 3 J
23565048020 9 9 0 J
23598694068 9 9 1 J
24031678990 9 9 2 J
24076994714 9 9 3 J
24076994878 9 9 0 J
24124667239 9 9 1 J
24529019809 9 9 2 J
24572511892 9 9 3 J
24572512052 9 9 0 J
24588969560 9 9 1 J
25010990604 9 9 2 J
25035468261 9 9 3 J
25035468426 9 9 0 J
25062882522 9 9 1 J
25405838484 9 9 2 J
25416877397 9 9 3 J
25416877544 9 9 0 J
25430123180 9 9 1 J
25793071496 9 9 2 J
25831642710 9 9 3 J
25831642855 9 9 0 J
25873859735 9 9 1 J
26190000449 9 9 2 J
26222422213 9 9 3 J
26222422402 9 9 0 J
26249037651 9 9 1 J
26627599844 9 9 2 J
26644194644 9 9 3 J
26644194855 9 9 0 J
26694838787 9 9 1 J
26966109655 9 9 2 J
26984830197 9 9 3 J
26984830378 9 9 0 J
27023768139 9 9 1 J
27313439343 9 9 2 J
27354180661 9 9 3 J
27354180816 9 9 0 J
27393713384 9 9 1 J
27678254227 9 9 2 J
27706912358 9 9 3 J
27706912525 9 9 0 J
27736835178 9 9 1 J
27952384142 9 9 2 J
27997836368 9 9 3 J
27997836551 9 9 0 J
28043851960 9 9 1 J
28334311042 9 9 2 J
28349898243 9 9 3 J
28349898400 9 9 0 J
28366140061 9 9 1 J
28621552795 9 9 2 J
28640196416 9 9 3 J
28640196596 9 9 0 J
28683083893 9 9 1 J
28985449023 9 9 2 J
29036155847 9 9 3 J
29036155991 9 9 0 J
29070477555 9 9 1 J
29286458962 9 9 2 J
29312896662 9 9 3 J
29312896829 9 9 0 J
29337476274 9 9 1 J
29589955750 9 9 2 J
29630944844 9 9 3 J
29630944980 9 9 0 J
29680872929 9 9 1 J
29945976944 9 9 2 J
29972565876 9 9 3 J
29972566046 9 9 0 J
30006551289 9 9 1 J
30181941639 9 9 2 J
30195506094 9 9 3 J
30195506402 9 9 0 J
30242093697 9 9 1 J
30399797535 9 9 2 J
30441815781 9 9 3 J
30441816267 9 9 0 J
30462910134 9 9 1 J
30603134016 9 9 2 J
30632514646 9 9 3 J
30632514790 9 9 0 J
164427 5 5 0 F
16515429 5 5 1 F
16622280 5 5 2 F
39714548 5 5 3 F
39714713 5 5 0 F
81794350 5 5 1 F
410967082 5 5 2 F
436481657 5 5 3 F
436481907 5 5 0 F
485011721 5 5 1 F
857638070 5 5 2 F
897083247 5 5 3 F
897083503 5 5 0 F
934803749 5 5 1 F
1411563936 5 5 2 F
1432492809 5 5 3 F
1432493063 5 5 0 F
1467563244 5 5 1 F
1782755921 5 5 2 F
1793907571 5 5 3 F
1793907921 5 5 0 F
1820578384 5 5 1 F
2113536659 5 5 2 F
2161510601 5 5 3 F
2161510851 5 5 0 F
2178023762 5 5 1 F
2630713505 5 5 2 F
2648183006 5 5 3 F
2648183256 5 5 0 F
2696935526 5 5 1 F
3104915869 5 5 2 F
3128131903 5 5 3 F
3128132055 5 5 0 F
3147909912 5 5 1 F
3577860886 5 5 2 F
3604875688 5 5 3 F
3604875912 5 5 0 F
3635811658 5 5 1 F
4074514157 5 5 2 F
4114006805 5 5 3 F
4114007182 5 5 0 F
4149888808 5 5 1 F
4589217016 5 5 2 F
4603943031 5 5 3 F
4603943299 5 5 0 F
4627154185 5 5 1 F
5104027335 5 5 2 F
5119891650 5 5 3 F
5119891881 5 5 0 F
5162039683 5 5 1 F
5562707072 5 5 2 F
5607947236 5 5 3 F
5607947410 5 5 0 F
5653067069 5 5 1 F
6046591586 5 5 2 F
6074531379 5 5 3 F
6074531661 5 5 0 F
6103183153 5 5 1 F
6523426490 5 5 2 F
6546572378 5 5 3 F
6546572652 5 5 0 F
6568863042 5 5 1 F
6996145928 5 5 2 F
7007120104 5 5 3 F
7007120282 5 5 0 F
7018410184 5 5 1 F
7459705744 5 5 2 F
7488587558 5 5 3 F
7488618706 5 5 0 F
7509729961 5 5 1 F
7960664443 5 5 2 F
7982501410 5 5 3 F
7982501638 5 5 0 F
8011526666 5 5 1 F
8414068507 5 5 2 F
8438149641 5 5 3 F
8438150030 5 5 0 F
8478328348 5 5 1 F
8941230374 5 5 2 F
8974322834 5 5 3 F
8974323096 5 5 0 F
9021927356 5 5 1 F
9372838117 5 5 2 F
9395066099 5 5 3 F
9395066488 5 5 0 F
9436368467 5 5 1 F
9881105785 5 5 2 F
9924215554 5 5 3 F
9924215779 5 5 0 F
9962927193 5 5 1 F
10320503604 5 5 2 F
10337056907 5 5 3 F
10337057137 5 5 0 F
10385794873 5 5 1 F
10812700683 5 5 2 F
10852465312 5 5 3 F
10852465537 5 5 0 F
10868138757 5 5 1 F
11277749029 5 5 2 F
11314138306 5 5 3 F
11314138575 5 5 0 F
11326486887 5 5 1 F
11792503619 5 5 2 F
11821152810 5 5 3 F
11821152988 5 5 0 F
11839842653 5 5 1 F
12280927092 5 5 2 F
12320843679 5 5 3 F
12320843966 5 5 0 F
12347692333 5 5 1 F
12705903559 5 5 2 F
12751476653 5 5 3 F
12751476868 5 5 0 F
12769033523 5 5 1 F
13095011607 5 5 2 F
13128116722 5 5 3 F
13128116995 5 5 0 F
13155789897 5 5 1 F
13501859590 5 5 2 F
13543010521 5 5 3 F
13543010818 5 5 0 F
13589532923 5 5 1 F
13979953832 5 5 2 F
14011034625 5 5 3 F
14011034893 5 5 0 F
14029154135 5 5 1 F
14520681101 5 5 2 F
14536452684 5 5 3 F
14536452932 5 5 0 F
14566680059 5 5 1 F
14993521972 5 5 2 F
15039306843 5 5 3 F
15039307010 5 5 0 F
15051739468 5 5 1 F
15484580990 5 5 2 F
15508691398 5 5 3 F
15508691548 5 5 0 F
15541932229 5 5 1 F
15971642196 5 5 2 F
15998690666 5 5 3 F
15998690833 5 5 0 F
16009703897 5 5 1 F
16508518376 5 5 2 F
16551118335 5 5 3 F
16551118529 5 5 0 F
16600947687 5 5 1 F
16940873829 5 5 2 F
16978716278 5 5 3 F
16978716546 5 5 0 F
17018688270 5 5 1 F
17395618390 5 5 2 F
17429883068 5 5 3 F
17429883293 5 5 0 F
17468847969 5 5 1 F
17795680935 5 5 2 F
17845391316 5 5 3 F
17845391497 5 5 0 F
17879701462 5 5 1 F
18164795258 5 5 2 F
18207678652 5 5 3 F
18207678919 5 5 0 F
18230993023 5 5 1 F
18697084253 5 5 2 F
18718384353 5 5 3 F
18718384569 5 5 0 F
18750443754 5 5 1 F
19151075280 5 5 2 F
19170764034 5 5 3 F
19170764315 5 5 0 F
19191754687 5 5 1 F
19493735275 5 5 2 F
19530682369 5 5 3 F
19530682885 5 5 0 F
19580404645 5 5 1 F
20031630946 5 5 2 F
20052975064 5 5 3 F
20052975385 5 5 0 F
20093059787 5 5 1 F
20443007908 5 5 2 F
20481736542 5 5 3 F
20481736692 5 5 0 F
20508489871 5 5 1 F
20906032139 5 5 2 F
20920601317 5 5 3 F
20920601531 5 5 0 F
20954708246 5 5 1 F
21334127778 5 5 2 F
21361663728 5 5 3 F
21361663979 5 5 0 F
21398655180 5 5 1 F
21699172764 5 5 2 F
21747810984 5 5 3 F
21747811239 5 5 0 F
21791018377 5 5 1 F
22182208250 5 5 2 F
22223024973 5 5 3 F
22223025128 5 5 0 F
22256502283 5 5 1 F
22703495707 5 5 2 F
22744763220 5 5 3 F
22744763476 5 5 0 F
22772800227 5 5 1 F
23214022921 5 5 2 F
23240841261 5 5 3 F
23240841531 5 5 0 F
23289872690 5 5 1 F
23733920372 5 5 2 F
23770614317 5 5 3 F
23770614534 5 5 0 F
23798052152 5 5 1 F
24186935942 5 5 2 F
24209274095 5 5 3 F
24209274345 5 5 0 F
24241480950 5 5 1 F
24670101899 5 5 2 F
24709679570 5 5 3 F
24709679824 5 5 0 F
24734022996 5 5 1 F
25091695073 5 5 2 F
25138882343 5 5 3 F
25138882597 5 5 0 F
25186468217 5 5 1 F
25481321130 5 5 2 F
25498920402 5 5 3 F
25498920658 5 5 0 F
25535542330 5 5 1 F
25924576244 5 5 2 F
25948906098 5 5 3 F
25948906267 5 5 0 F
25982916839 5 5 1 F
26348560253 5 5 2 F
26387218312 5 5 3 F
26387218534 5 5 0 F
26401796130 5 5 1 F
26734599567 5 5 2 F
26747885585 5 5 3 F
26747885947 5 5 0 F
26764594681 5 5 1 F
27041503597 5 5 2 F
27076949692 5 5 3 F
27076950056 5 5 0 F
27112287707 5 5 1 F
27437502239 5 5 2 F
27448666860 5 5 3 F
27448667224 5 5 0 F
27487503018 5 5 1 F
27746964961 5 5 2 F
27764134430 5 5 3 F
27764134697 5 5 0 F
27796179901 5 5 1 F
28083547225 5 5 2 F
28110046802 5 5 3 F
28110047017 5 5 0 F
28139859041 5 5 1 F
28400637063 5 5 2 F
28446999757 5 5 3 F
28447000041 5 5 0 F
28467737428 5 5 1 F
28747843886 5 5 2 F
28777715949 5 5 3 F
28777716219 5 5 0 F
28815113499 5 5 1 F
29135606708 5 5 2 F
29146860510 5 5 3 F
29146860879 5 5 0 F
29161550513 5 5 1 F
29448855357 5 5 2 F
29467543976 5 5 3 F
29467544192 5 5 0 F
29500477021 5 5 1 F
29746969204 5 5 2 F
29786972407 5 5 3 F
29786972667 5 5 0 F
29821035747 5 5 1 F
30016399212 5 5 2 F
30057015551 5 5 3 F
30057015750 5 5 0 F
30095956785 5 5 1 F
30254421579 5 5 2 F
30278884768 5 5 3 F
30278885028 5 5 0 F
30295853682 5 5 1 F
30458428190 5 5 2 F
30482576412 5 5 3 F
30482576684 5 5 0 F
30493671109 5 5 1 F
30633525687 5 5 2 F
30666378288 5 5 3 F
30666378477 5 5 0 F
30698116698 5 5 1 F
30877884308 5 5 2 F
30913091195 5 5 3 F
30913091402 5 5 0 F
30941962760 5 5 1 F
31105021556 5 5 2 F
31149100448 5 5 3 F
31149100608 5 5 0 F
31191910349 5 5 1 F
31359409392 5 5 2 F
31377131143 5 5 3 F
31377131459 5 5 0 F
31410697163 5 5 1 F
31542116090 5 5 2 F
31567609858 5 5 3 F
31567610018 5 5 0 F
31617243985 5 5 1 F
31731083807 5 5 2 F
31754107637 5 5 3 F
31754107799 5 5 0 F
31786953548 5 5 1 F
31910128791 5 5 2 F
31936605797 5 5 3 F
31936605970 5 5 0 F
31962067264 5 5 1 F
32075509971 5 5 2 F
32109901257 5 5 3 F
32109901402 5 5 0 F
32136611640 5 5 1 F
32289786785 5 5 2 F
32335250726 5 5 3 F
32335250923 5 5 0 F
32364994440 5 5 1 F
32549126770 5 5 2 F
32594427939 5 5 3 F
32594428117 5 5 0 F
256663 12 12 0 M
19831468 12 12 1 M
55275265 12 12 2 M
89995750 12 12 3 M
89995901 12 12 0 M
115307369 12 12 1 M
448670943 12 12 2 M
478498075 12 12 3 M
478498338 12 12 0 M
498363864 12 12 1 M
947911896 12 12 2 M
966775694 12 12 3 M
966775950 12 12 0 M
989524306 12 12 1 M
1453952052 12 12 2 M
1484364133 12 12 3 M
1484364403 12 12 0 M
1521406756 12 12 1 M
1829247208 12 12 2 M
1840297421 12 12 3 M
1840297687 12 12 0 M
1881531591 12 12 1 M
2249178094 12 12 2 M
2279027031 12 12 3 M
2279027165 12 12 0 M
2325957815 12 12 1 M
2693494856 12 12 2 M
2725473197 12 12 3 M
2725473414 12 12 0 M
2769727614 12 12 1 M
3163616719 12 12 2 M
3198041962 12 12 3 M
3198042223 12 12 0 M
3222195761 12 12 1 M
3619178410 12 12 2 M
3665622315 12 12 3 M
3665622631 12 12 0 M
3695089157 12 12 1 M
4161036067 12 12 2 M
4182300706 12 12 3 M
4182300992 12 12 0 M
4225851718 12 12 1 M
4647218523 12 12 2 M
4687536000 12 12 3 M
4687536567 12 12 0 M
4716906421 12 12 1 M
5140763256 12 12 2 M
5188930500 12 12 3 M
5188930642 12 12 0 M
5204621522 12 12 1 M
5654115195 12 12 2 M
5685885819 12 12 3 M
5685886045 12 12 0 M
5708848079 12 12 1 M
6101992898 12 12 2 M
6143604850 12 12 3 M
6143605027 12 12 0 M
6159254121 12 12 1 M
6575415500 12 12 2 M
6601906492 12 12 3 M
6601906663 12 12 0 M
6647856994 12 12 1 M
7047241026 12 12 2 M
7080497705 12 12 3 M
7080497951 12 12 0 M
7108200029 12 12 1 M
7557002086 12 12 2 M
7604587471 12 12 3 M
7604612624 12 12 0 M
7646883542 12 12 1 M
8052450291 12 12 2 M
8087918635 12 12 3 M
8087918796 12 12 0 M
8135817644 12 12 1 M
8552413457 12 12 2 M
8579006423 12 12 3 M
8579006552 12 12 0 M
8624515361 12 12 1 M
9074230321 12 12 2 M
9101911350 12 12 3 M
9101911499 12 12 0 M
9130644799 12 12 1 M
9462979873 12 12 2 M
9497595636 12 12 3 M
9497595862 12 12 0 M
9541053636 12 12 1 M
9990968784 12 12 2 M
10009114904 12 12 3 M
10009115109 12 12 0 M
10044846013 12 12 1 M
10404455795 12 12 2 M
10428598976 12 12 3 M
10428599238 12 12 0 M
10454042691 12 12 1 M
10933714405 12 12 2 M
10971747632 12 12 3 M
10971747880 12 12 0 M
10994022470 12 12 1 M
11367119167 12 12 2 M
11413763157 12 12 3 M
11413763296 12 12 0 M
11453357600 12 12 1 M
11873528818 12 12 2 M
11921922745 12 12 3 M
11921922910 12 12 0 M
11950811215 12 12 1 M
12387661090 12 12 2 M
12415108465 12 12 3 M
12415108672 12 12 0 M
12456262720 12 12 1 M
12811681766 12 12 2 M
12833727126 12 12 3 M
12833727298 12 12 0 M
12883590609 12 12 1 M
13230104519 12 12 2 M
13242447777 12 12 3 M
13242447983 12 12 0 M
13263726929 12 12 1 M
13675639401 12 12 2 M
13716466080 12 12 3 M
13716466317 12 12 0 M
13749934659 12 12 1 M
14125019344 12 12 2 M
14145054445 12 12 3 M
14145054684 12 12 0 M
14181502413 12 12 1 M
14612276993 12 12 2 M
14636884637 12 12 3 M
14636884920 12 12 0 M
14648016525 12 12 1 M
15082106751 12 12 2 M
15108184766 12 12 3 M
15108184946 12 12 0 M
15134837816 12 12 1 M
15551960585 12 12 2 M
15596475648 12 12 3 M
15596475862 12 12 0 M
15643081128 12 12 1 M
16089041577 12 12 2 M
16138893450 12 12 3 M
16138893672 12 12 0 M
16181020640 12 12 1 M
16595219821 12 12 2 M
16645885702 12 12 3 M
16645885975 12 12 0 M
16668077774 12 12 1 M
17025099154 12 12 2 M
17057872605 12 12 3 M
17057872751 12 12 0 M
17084471708 12 12 1 M
17492172798 12 12 2 M
17517759002 12 12 3 M
17517759178 12 12 0 M
17528941455 12 12 1 M
17894963660 12 12 2 M
17909288226 12 12 3 M
17909288361 12 12 0 M
17928212504 12 12 1 M
18296463481 12 12 2 M
18317464839 12 12 3 M
18317465054 12 12 0 M
18330720052 12 12 1 M
18776937864 12 12 2 M
18799313416 12 12 3 M
18799313581 12 12 0 M
18818590014 12 12 1 M
19216582452 12 12 2 M
19247101446 12 12 3 M
19247101680 12 12 0 M
19279309161 12 12 1 M
19610070187 12 12 2 M
19654048159 12 12 3 M
19654048354 12 12 0 M
19699576300 12 12 1 M
20118239068 12 12 2 M
20133733207 12 12 3 M
20133733591 12 12 0 M
20145215210 12 12 1 M
20562889744 12 12 2 M
20575278098 12 12 3 M
20575278248 12 12 0 M
20590940775 12 12 1 M
20984812416 12 12 2 M
21002288734 12 12 3 M
21002289010 12 12 0 M
21045938706 12 12 1 M
21419944136 12 12 2 M
21449998745 12 12 3 M
21449999314 12 12 0 M
21472047032 12 12 1 M
21807408896 12 12 2 M
21840601237 12 12 3 M
21840601448 12 12 0 M
21863765025 12 12 1 M
22286289627 12 12 2 M
22325600212 12 12 3 M
22325600391 12 12 0 M
22363163808 12 12 1 M
22798526383 12 12 2 M
22847260555 12 12 3 M
22847260777 12 12 0 M
22894728848 12 12 1 M
23362185605 12 12 2 M
23383195717 12 12 3 M
23383195914 12 12 0 M
23424191470 12 12 1 M
23867790360 12 12 2 M
23883109327 12 12 3 M
23883109549 12 12 0 M
23932992670 12 12 1 M
24325767563 12 12 2 M
24372389446 12 12 3 M
24372389652 12 12 0 M
24384752275 12 12 1 M
24800499145 12 12 2 M
24811452951 12 12 3 M
24811453122 12 12 0 M
24843336281 12 12 1 M
25222781981 12 12 2 M
25251865379 12 12 3 M
25251866062 12 12 0 M
25269639927 12 12 1 M
25627616768 12 12 2 M
25657854072 12 12 3 M
25657854240 12 12 0 M
25679066367 12 12 1 M
26029561160 12 12 2 M
26064812323 12 12 3 M
26064812552 12 12 0 M
26090570182 12 12 1 M
26458964147 12 12 2 M
26488877706 12 12 3 M
26488877977 12 12 0 M
26514771904 12 12 1 M
26793661739 12 12 2 M
26813831454 12 12 3 M
26813831683 12 12 0 M
26836937550 12 12 1 M
27132150310 12 12 2 M
27163068800 12 12 3 M
27163069050 12 12 0 M
27209470659 12 12 1 M
27544666192 12 12 2 M
27568868047 12 12 3 M
27568868414 12 12 0 M
27598698144 12 12 1 M
27865752436 12 12 2 M
27884469383 12 12 3 M
27884469563 12 12 0 M
27932079480 12 12 1 M
28178159855 12 12 2 M
28197023244 12 12 3 M
28197023420 12 12 0 M
28213820405 12 12 1 M
28533024520 12 12 2 M
28568554133 12 12 3 M
28568554290 12 12 0 M
28611646125 12 12 1 M
28864998704 12 12 2 M
28901682647 12 12 3 M
28901682820 12 12 0 M
28920105279 12 12 1 M
29220054839 12 12 2 M
29238067978 12 12 3 M
29238068157 12 12 0 M
29278857343 12 12 1 M
29550096566 12 12 2 M
29562133279 12 12 3 M
29562133547 12 12 0 M
29596811310 12 12 1 M
29890559471 12 12 2 M
29909537698 12 12 3 M
29909537928 12 12 0 M
29926006230 12 12 1 M
30136720430 12 12 2 M
30180873525 12 12 3 M
30180873824 12 12 0 M
30218715290 12 12 1 M
30382892969 12 12 2 M
30398685497 12 12 3 M
30398685732 12 12 0 M
30417782152 12 12 1 M
30571434717 12 12 2 M
30602148474 12 12 3 M
30602148705 12 12 0 M
30642208396 12 12 1 M
30841134190 12 12 2 M
30876839966 12 12 3 M
30876840248 12 12 0 M
30917628768 12 12 1 M
31082780530 12 12 2 M
31104028017 12 12 3 M
31104028313 12 12 0 M
31134783655 12 12 1 M
31328131625 12 12 2 M
31359406001 12 12 3 M
31359406278 12 12 0 M
31407400300 12 12 1 M
31507004672 12 12 2 M
31541038035 12 12 3 M
31541047036 12 12 0 M
31572102981 12 12 1 M
31697660171 12 12 2 M
31729912454 12 12 3 M
31729912730 12 12 0 M
31757768582 12 12 1 M
31861579626 12 12 2 M
31909155615 12 12 3 M
31909155855 12 12 0 M
31922478649 12 12 1 M
32057599057 12 12 2 M
32075507099 12 12 3 M
32075507457 12 12 0 M
32100859101 12 12 1 M
32259048479 12 12 2 M
32288793441 12 12 3 M
32288793679 12 12 0 M
32302088758 12 12 1 M
32510857916 12 12 2 M
32548153639 12 12 3 M
32548153998 12 12 0 M
32583374858 12 12 1 M
32770492938 12 12 2 M
32815803321 12 12 3 M
32815803599 12 12 0 M
32852611251 12 12 1 M
32938929462 12 12 2 M
32987156793 12 12 3 M
32987157028 12 12 0 M
33021057395 12 12 1 M
33085865888 12 12 2 M
33112129603 12 12 3 M
33112129882 12 12 0 M
214091 1 1 0 B
19748466 1 1 1 B
40433442 1 1 2 B
54279646 1 1 3 B
54279815 1 1 0 B
102128462 1 1 1 B
437599112 1 1 2 B
448665149 1 1 3 B
448665293 1 1 0 B
488626395 1 1 1 B
897197644 1 1 2 B
946993990 1 1 3 B
946994136 1 1 0 B
961226766 1 1 1 B
1432560408 1 1 2 B
1453847779 1 1 3 B
1453848055 1 1 0 B
1487666576 1 1 1 B
1794830699 1 1 2 B
1829138719 1 1 3 B
1829138891 1 1 0 B
1844931421 1 1 1 B
2209112791 1 1 2 B
2248983738 1 1 3 B
2248984004 1 1 0 B
2276768468 1 1 1 B
2663687009 1 1 2 B
2693489401 1 1 3 B
2693489681 1 1 0 B
2719849298 1 1 1 B
3128165390 1 1 2 B
3163536354 1 1 3 B
3163536592 1 1 0 B
3192441612 1 1 1 B
3605864121 1 1 2 B
3618094037 1 1 3 B
3618094311 1 1 0 B
3640154338 1 1 1 B
4114064507 1 1 2 B
4160051853 1 1 3 B
4160052125 1 1 0 B
4188975533 1 1 1 B
4605032551 1 1 2 B
4647215425 1 1 3 B
4647215574 1 1 0 B
4660875213 1 1 1 B
5120857068 1 1 2 B
5139775339 1 1 3 B
5139775624 1 1 0 B
5162222756 1 1 1 B
5607952564 1 1 2 B
5653063259 1 1 3 B
5653063525 1 1 0 B
5694616525 1 1 1 B
6075520762 1 1 2 B
6101990758 1 1 3 B
6101991004 1 1 0 B
6126803720 1 1 1 B
6546577770 1 1 2 B
6575338642 1 1 3 B
6575338854 1 1 0 B
6598546233 1 1 1 B
7007123455 1 1 2 B
7046102636 1 1 3 B
7046102991 1 1 0 B
7059494248 1 1 1 B
7530593531 1 1 2 B
7555977760 1 1 3 B
7555998487 1 1 0 B
7574574146 1 1 1 B
8030119982 1 1 2 B
8051425453 1 1 3 B
8051425674 1 1 0 B
8084640101 1 1 1 B
8469526748 1 1 2 B
8515546177 1 1 3 B
8515546413 1 1 0 B
8560314028 1 1 1 B
9018680470 1 1 2 B
9034407522 1 1 3 B
9034407786 1 1 0 B
9072017303 1 1 1 B
9420834307 1 1 2 B
9434114737 1 1 3 B
9434114906 1 1 0 B
9482447558 1 1 1 B
9924218396 1 1 2 B
9951464638 1 1 3 B
9951464873 1 1 0 B
9998637209 1 1 1 B
10338030882 1 1 2 B
10381203152 1 1 3 B
10381203377 1 1 0 B
10404449788 1 1 1 B
10852468686 1 1 2 B
10902767794 1 1 3 B
10902768081 1 1 0 B
10940427560 1 1 1 B
11314140630 1 1 2 B
11350740214 1 1 3 B
11350740476 1 1 0 B
11362797327 1 1 1 B
11822088336 1 1 2 B
11853139322 1 1 3 B
11853139574 1 1 0 B
11878070966 1 1 1 B
12321815428 1 1 2 B
12355645531 1 1 3 B
12355645808 1 1 0 B
12379868581 1 1 1 B
12751577371 1 1 2 B
12797050881 1 1 3 B
12797051165 1 1 0 B
12838016488 1 1 1 B
13128124824 1 1 2 B
13152530232 1 1 3 B
13152530465 1 1 0 B
13201481753 1 1 1 B
13543994035 1 1 2 B
13592973209 1 1 3 B
13592973422 1 1 0 B
13614197206 1 1 1 B
14011038946 1 1 2 B
14060117830 1 1 3 B
14060118155 1 1 0 B
14091555252 1 1 1 B
14536461167 1 1 2 B
14556603135 1 1 3 B
14556603405 1 1 0 B
14571225214 1 1 1 B
15039312174 1 1 2 B
15055107060 1 1 3 B
15055107183 1 1 0 B
15069887869 1 1 1 B
15508768314 1 1 2 B
15535017203 1 1 3 B
15535017455 1 1 0 B
15547712467 1 1 1 B
15999639968 1 1 2 B
16038508188 1 1 3 B
16038508434 1 1 0 B
16067668276 1 1 1 B
16552124392 1 1 2 B
16581946134 1 1 3 B
16581946533 1 1 0 B
16617137909 1 1 1 B
16978822175 1 1 2 B
17005103962 1 1 3 B
17005104241 1 1 0 B
17046921166 1 1 1 B
17450094496 1 1 2 B
17492166653 1 1 3 B
17492166872 1 1 0 B
17524467949 1 1 1 B
17869554601 1 1 2 B
17894960091 1 1 3 B
17894960256 1 1 0 B
17923878230 1 1 1 B
18256503479 1 1 2 B
18295448216 1 1 3 B
18295448839 1 1 0 B
18315188390 1 1 1 B
18751534013 1 1 2 B
18776019654 1 1 3 B
18776019886 1 1 0 B
18797234297 1 1 1 B
19185046280 1 1 2 B
19216579232 1 1 3 B
19216579461 1 1 0 B
19257101934 1 1 1 B
19592431185 1 1 2 B
19608978642 1 1 3 B
19608978915 1 1 0 B
19648623973 1 1 1 B
20094143450 1 1 2 B
20117245054 1 1 3 B
20117245280 1 1 0 B
20136429892 1 1 1 B
20512748184 1 1 2 B
20562881449 1 1 3 B
20562881796 1 1 0 B
20578687285 1 1 1 B
20965862268 1 1 2 B
20984805973 1 1 3 B
20984806245 1 1 0 B
21012443409 1 1 1 B
21396388444 1 1 2 B
21419054203 1 1 3 B
21419054487 1 1 0 B
21463151351 1 1 1 B
21773389152 1 1 2 B
21807401969 1 1 3 B
21807402225 1 1 0 B
21837050791 1 1 1 B
22265505298 1 1 2 B
22285212473 1 1 3 B
22285212693 1 1 0 B
22335268856 1 1 1 B
22780466931 1 1 2 B
22797475281 1 1 3 B
22797475560 1 1 0 B
22833976611 1 1 1 B
23284168331 1 1 2 B
23325796069 1 1 3 B
23325796350 1 1 0 B
23344716313 1 1 1 B
23795990631 1 1 2 B
23827112038 1 1 3 B
23827112200 1 1 0 B
23862647804 1 1 1 B
24258135538 1 1 2 B
24282550146 1 1 3 B
24282550468 1 1 0 B
24321273249 1 1 1 B
24750584079 1 1 2 B
24787132135 1 1 3 B
24787132526 1 1 0 B
24819016778 1 1 1 B
25180788109 1 1 2 B
25195194912 1 1 3 B
25195195167 1 1 0 B
25245036061 1 1 1 B
25544538065 1 1 2 B
25577737891 1 1 3 B
25577738146 1 1 0 B
25626495917 1 1 1 B
25963095843 1 1 2 B
25985207556 1 1 3 B
25985207830 1 1 0 B
26002925035 1 1 1 B
26387221225 1 1 2 B
26431528160 1 1 3 B
26431528367 1 1 0 B
26476859381 1 1 1 B
26747888876 1 1 2 B
26769112088 1 1 3 B
26769112240 1 1 0 B
26789142249 1 1 1 B
27076959718 1 1 2 B
27101146925 1 1 3 B
27101147293 1 1 0 B
27145539020 1 1 1 B
27449752598 1 1 2 B
27483757213 1 1 3 B
27483757417 1 1 0 B
27493856398 1 1 1 B
27765154140 1 1 2 B
27802846824 1 1 3 B
27802847487 1 1 0 B
27844829154 1 1 1 B
28110048782 1 1 2 B
28137507538 1 1 3 B
28137507771 1 1 0 B
28182653850 1 1 1 B
28467741074 1 1 2 B
28489965748 1 1 3 B
28489966071 1 1 0 B
28530809281 1 1 1 B
28826161866 1 1 2 B
28841892976 1 1 3 B
28841893260 1 1 0 B
28890652461 1 1 1 B
29189981176 1 1 2 B
29220050858 1 1 3 B
29220051096 1 1 0 B
29236895392 1 1 1 B
29511532293 1 1 2 B
29549203440 1 1 3 B
29549203687 1 1 0 B
29581124789 1 1 1 B
29845447202 1 1 2 B
29890455253 1 1 3 B
29890455555 1 1 0 B
29904926444 1 1 1 B
30115803392 1 1 2 B
30135741319 1 1 3 B
30135741543 1 1 0 B
30173158981 1 1 1 B
30358814710 1 1 2 B
30382866939 1 1 3 B
30382867759 1 1 0 B
30393971231 1 1 1 B
30558205174 1 1 2 B
30570337951 1 1 3 B
30570338122 1 1 0 B
30603049341 1 1 1 B
30820049657 1 1 2 B
30839997986 1 1 3 B
30839998243 1 1 0 B
30874530011 1 1 1 B
31045031371 1 1 2 B
31082773926 1 1 3 B
31082774234 1 1 0 B
31129149254 1 1 1 B
31285790886 1 1 2 B
31327146982 1 1 3 B
31327147232 1 1 0 B
31360442383 1 1 1 B
31475016710 1 1 2 B
31505902830 1 1 3 B
31505903062 1 1 0 B
31543578499 1 1 1 B
31684112749 1 1 2 B
31697558277 1 1 3 B
31697558522 1 1 0 B
31723090137 1 1 1 B
31830833373 1 1 2 B
31849450190 1 1 3 B
31849450530 1 1 0 B
31889248472 1 1 1 B
32045318508 1 1 2 B
32057594717 1 1 3 B
32057595003 1 1 0 B
32089844230 1 1 1 B
32229287572 1 1 2 B
32258966107 1 1 3 B
32258974657 1 1 0 B
32298675603 1 1 1 B
32479927830 1 1 2 B
32509877570 1 1 3 B
32509877792 1 1 0 B
32556872131 1 1 1 B
32728683113 1 1 2 B
32769391192 1 1 3 B
32769391492 1 1 0 B
32800167434 1 1 1 B
32913595382 1 1 2 B
32938925714 1 1 3 B
32938925954 1 1 0 B
32988250307 1 1 1 B
33050596994 1 1 2 B
33085842053 1 1 3 B
33085842295 1 1 0 B
33127860636 1 1 1 B
33249617034 1 1 2 B
33296878376 1 1 3 B
33296878602 1 1 0 B
33319900074 1 1 1 B
33433117495 1 1 2 B
33455083049 1 1 3 B
33455083270 1 1 0 B
297987 7 7 0 H
31833731 7 7 1 H
107735641 7 7 2 H
129914055 7 7 3 H
129914278 7 7 0 H
143170725 7 7 1 H
502890531 7 7 2 H
534203347 7 7 3 H
534203498 7 7 0 H
547652622 7 7 1 H
989417741 7 7 2 H
1026558735 7 7 3 H
1026558894 7 7 0 H
1041831089 7 7 1 H
1497842037 7 7 2 H
1508961955 7 7 3 H
1508962271 7 7 0 H
1528047570 7 7 1 H
1840300691 7 7 2 H
1887915112 7 7 3 H
1887915271 7 7 0 H
1910060874 7 7 1 H
2280009394 7 7 2 H
2321299980 7 7 3 H
2321300241 7 7 0 H
2360393457 7 7 1 H
2726504350 7 7 2 H
2769823396 7 7 3 H
2769823604 7 7 0 H
2789859630 7 7 1 H
3199037655 7 7 2 H
3214688677 7 7 3 H
3214688886 7 7 0 H
3244672555 7 7 1 H
3666687241 7 7 2 H
3710598580 7 7 3 H
3710598797 7 7 0 H
3752243645 7 7 1 H
4182308852 7 7 2 H
4202675815 7 7 3 H
4202676084 7 7 0 H
4245671731 7 7 1 H
4688554892 7 7 2 H
4699643469 7 7 3 H
4699643624 7 7 0 H
4730454357 7 7 1 H
5189917373 7 7 2 H
5204708656 7 7 3 H
5204708821 7 7 0 H
5244598933 7 7 1 H
5686893452 7 7 2 H
5737353929 7 7 3 H
5737354086 7 7 0 H
5749727542 7 7 1 H
6143610962 7 7 2 H
6164028240 7 7 3 H
6164028401 7 7 0 H
6195741694 7 7 1 H
6602896196 7 7 2 H
6640824603 7 7 3 H
6640824799 7 7 0 H
6676861513 7 7 1 H
7109128217 7 7 2 H
7134757609 7 7 3 H
7134757872 7 7 0 H
7158615724 7 7 1 H
7619080624 7 7 2 H
7665732615 7 7 3 H
7665749848 7 7 0 H
7685374241 7 7 1 H
8102673700 7 7 2 H
8134822238 7 7 3 H
8134822399 7 7 0 H
8178982156 7 7 1 H
8579013798 7 7 2 H
8608925001 7 7 3 H
8608925241 7 7 0 H
8656569447 7 7 1 H
9101913914 7 7 2 H
9138137325 7 7 3 H
9138137578 7 7 0 H
9167616125 7 7 1 H
9497666246 7 7 2 H
9537445453 7 7 3 H
9537445625 7 7 0 H
9567838630 7 7 1 H
10010025417 7 7 2 H
10048194389 7 7 3 H
10048194531 7 7 0 H
10077064534 7 7 1 H
10428692196 7 7 2 H
10464404024 7 7 3 H
10464404200 7 7 0 H
10477638696 7 7 1 H
10971763736 7 7 2 H
11017072851 7 7 3 H
11017073070 7 7 0 H
11030811084 7 7 1 H
11414751686 7 7 2 H
11433435703 7 7 3 H
11433435901 7 7 0 H
11463123010 7 7 1 H
11922896697 7 7 2 H
11967438166 7 7 3 H
11967438439 7 7 0 H
11989808783 7 7 1 H
12415111863 7 7 2 H
12446288681 7 7 3 H
12446288833 7 7 0 H
12481823586 7 7 1 H
12834776494 7 7 2 H
12856732422 7 7 3 H
12856732703 7 7 0 H
12876865454 7 7 1 H
13189009024 7 7 2 H
13229120048 7 7 3 H
13229120191 7 7 0 H
13258068519 7 7 1 H
13630003344 7 7 2 H
13674636666 7 7 3 H
13674636822 7 7 0 H
13688886321 7 7 1 H
14092480089 7 7 2 H
14124029991 7 7 3 H
14124030154 7 7 0 H
14143873882 7 7 1 H
14578888351 7 7 2 H
14612233523 7 7 3 H
14612233794 7 7 0 H
14655617033 7 7 1 H
15109112479 7 7 2 H
15152668027 7 7 3 H
15152668182 7 7 0 H
15180144292 7 7 1 H
15597590095 7 7 2 H
15646604757 7 7 3 H
15646604951 7 7 0 H
15659675159 7 7 1 H
16139916016 7 7 2 H
16163162083 7 7 3 H
16163162237 7 7 0 H
16207501443 7 7 1 H
16646891230 7 7 2 H
16674893160 7 7 3 H
16674893327 7 7 0 H
16721000930 7 7 1 H
17057900464 7 7 2 H
17095650691 7 7 3 H
17095650838 7 7 0 H
17144085680 7 7 1 H
17518754421 7 7 2 H
17565221712 7 7 3 H
17565221857 7 7 0 H
17589792398 7 7 1 H
17910502147 7 7 2 H
17938360383 7 7 3 H
17938360553 7 7 0 H
17981823889 7 7 1 H
18317591457 7 7 2 H
18360115345 7 7 3 H
18360115609 7 7 0 H
18384787144 7 7 1 H
18799318228 7 7 2 H
18830838005 7 7 3 H
18830838154 7 7 0 H
18862693987 7 7 1 H
19248162266 7 7 2 H
19281508225 7 7 3 H
19281508477 7 7 0 H
19330392767 7 7 1 H
19654055065 7 7 2 H
19699573476 7 7 3 H
19699573653 7 7 0 H
19718127173 7 7 1 H
20133842115 7 7 2 H
20161138617 7 7 3 H
20161138773 7 7 0 H
20185811789 7 7 1 H
20576203767 7 7 2 H
20621048954 7 7 3 H
20621049123 7 7 0 H
20671766829 7 7 1 H
21002404334 7 7 2 H
21044584449 7 7 3 H
21044584609 7 7 0 H
21088662879 7 7 1 H
21451066984 7 7 2 H
21466542436 7 7 3 H
21466542635 7 7 0 H
21515026195 7 7 1 H
21840609521 7 7 2 H
21875952829 7 7 3 H
21875952975 7 7 0 H
21890426996 7 7 1 H
22326528532 7 7 2 H
22363079256 7 7 3 H
22363079438 7 7 0 H
22382852825 7 7 1 H
22848461847 7 7 2 H
22865968770 7 7 3 H
22865968931 7 7 0 H
22890442488 7 7 1 H
23326791907 7 7 2 H
23361128372 7 7 3 H
23361128533 7 7 0 H
23374455682 7 7 1 H
23827115049 7 7 2 H
23866794133 7 7 3 H
23866794457 7 7 0 H
23892149846 7 7 1 H
24283632898 7 7 2 H
24323734514 7 7 3 H
24323734689 7 7 0 H
24352194604 7 7 1 H
24787144161 7 7 2 H
24800496095 7 7 3 H
24800496328 7 7 0 H
24821486718 7 7 1 H
25196180914 7 7 2 H
25221718840 7 7 3 H
25221719003 7 7 0 H
25250851702 7 7 1 H
25577740781 7 7 2 H
25626508431 7 7 3 H
25626508645 7 7 0 H
25655502661 7 7 1 H
25986149216 7 7 2 H
26029557525 7 7 3 H
26029557672 7 7 0 H
26050520659 7 7 1 H
26432579860 7 7 2 H
26458959649 7 7 3 H
26458959801 7 7 0 H
26492505390 7 7 1 H
26769115587 7 7 2 H
26792655292 7 7 3 H
26792655439 7 7 0 H
26829046818 7 7 1 H
27101151010 7 7 2 H
27131234690 7 7 3 H
27131234903 7 7 0 H
27160887367 7 7 1 H
27483762586 7 7 2 H
27514767869 7 7 3 H
27514768035 7 7 0 H
27531130834 7 7 1 H
27803827807 7 7 2 H
27823777012 7 7 3 H
27823777178 7 7 0 H
27849233606 7 7 1 H
28137591452 7 7 2 H
28157090014 7 7 3 H
28157090378 7 7 0 H
28168337734 7 7 1 H
28447984157 7 7 2 H
28467721545 7 7 3 H
28467721697 7 7 0 H
28515427136 7 7 1 H
28778697874 7 7 2 H
28826157280 7 7 3 H
28826157447 7 7 0 H
28864995786 7 7 1 H
29146972536 7 7 2 H
29160214942 7 7 3 H
29160215112 7 7 0 H
29205599010 7 7 1 H
29467609183 7 7 2 H
29493919110 7 7 3 H
29493919274 7 7 0 H
29533671831 7 7 1 H
29807902034 7 7 2 H
29845404865 7 7 3 H
29845405037 7 7 0 H
29870765436 7 7 1 H
30102665117 7 7 2 H
30114727658 7 7 3 H
30114727887 7 7 0 H
30160948315 7 7 1 H
30324856767 7 7 2 H
30357834284 7 7 3 H
30357834457 7 7 0 H
30392998781 7 7 1 H
30538320760 7 7 2 H
30558118522 7 7 3 H
30558118645 7 7 0 H
30599835839 7 7 1 H
30783576668 7 7 2 H
30820046322 7 7 3 H
30820046513 7 7 0 H
30842321234 7 7 1 H
31017403715 7 7 2 H
31045023875 7 7 3 H
31045024059 7 7 0 H
31069505493 7 7 1 H
31269412799 7 7 2 H
31284704125 7 7 3 H
31284704285 7 7 0 H
31312554861 7 7 1 H
31451677087 7 7 2 H
31475014376 7 7 3 H
31475014574 7 7 0 H
31507027668 7 7 1 H
31646732536 7 7 2 H
31684086233 7 7 3 H
31684086489 7 7 0 H
31724361197 7 7 1 H
31849453076 7 7 2 H
31861576698 7 7 3 H
31861576857 7 7 0 H
31885867587 7 7 1 H
32030850928 7 7 2 H
32045315631 7 7 3 H
32045315896 7 7 0 H
32060928053 7 7 1 H
32161870897 7 7 2 H
32208465917 7 7 3 H
32208466087 7 7 0 H
32253558122 7 7 1 H
32406921774 7 7 2 H
32432479884 7 7 3 H
32432480047 7 7 0 H
32470055359 7 7 1 H
32670325461 7 7 2 H
32702051142 7 7 3 H
32702051305 7 7 0 H
32728605678 7 7 1 H
32842524102 7 7 2 H
32885644579 7 7 3 H
32885644816 7 7 0 H
32908910636 7 7 1 H
33025564798 7 7 2 H
33037463658 7 7 3 H
33037463917 7 7 0 H
33082611795 7 7 1 H
33178305429 7 7 2 H
33217734738 7 7 3 H
33217734988 7 7 0 H
33241827656 7 7 1 H
33357597205 7 7 2 H
33390062454 7 7 3 H
33390062730 7 7 0 H
33411103372 7 7 1 H
33516726873 7 7 2 H
33527803333 7 7 3 H
33527812126 7 7 0 H
33542289943 7 7 1 H
33619279683 7 7 2 H
33659085698 7 7 3 H
33659086003 7 7 0 H
133606 0 0 0 A
33299485 0 0 1 A
163405400 0 0 2 A
178940794 0 0 3 A
178941040 0 0 0 A
212996174 0 0 1 A
565386436 0 0 2 A
598626258 0 0 3 A
598626415 0 0 0 A
616275784 0 0 1 A
1069377505 0 0 2 A
1109463437 0 0 3 A
1109463603 0 0 0 A
1145050109 0 0 1 A
1528049330 0 0 2 A
1554643297 0 0 3 A
1554643499 0 0 0 A
1576064254 0 0 1 A
1930003345 0 0 2 A
1969927098 0 0 3 A
1969927261 0 0 0 A
2009236207 0 0 1 A
2410004773 0 0 2 A
2435589349 0 0 3 A
2435589601 0 0 0 A
2460101647 0 0 1 A
2831914343 0 0 2 A
2851939533 0 0 3 A
2851939827 0 0 0 A
2886191306 0 0 1 A
3266716517 0 0 2 A
3298697696 0 0 3 A
3298697861 0 0 0 A
3327079608 0 0 1 A
3782800568 0 0 2 A
3826739420 0 0 3 A
3826739569 0 0 0 A
3875493706 0 0 1 A
4283158451 0 0 2 A
4321931504 0 0 3 A
4321931664 0 0 0 A
4343906583 0 0 1 A
4762336213 0 0 2 A
4808508057 0 0 3 A
4808508209 0 0 0 A
4829002826 0 0 1 A
5265746750 0 0 2 A
5314750136 0 0 3 A
5314750353 0 0 0 A
5343587849 0 0 1 A
5828284904 0 0 2 A
5843827276 0 0 3 A
5843827604 0 0 0 A
5888128846 0 0 1 A
6261542063 0 0 2 A
6305942471 0 0 3 A
6305942692 0 0 0 A
6341065404 0 0 1 A
6751168483 0 0 2 A
6772225630 0 0 3 A
6772225804 0 0 0 A
6788958074 0 0 1 A
7199700411 0 0 2 A
7221809803 0 0 3 A
7221810015 0 0 0 A
7267031415 0 0 1 A
7714920824 0 0 2 A
7764162714 0 0 3 A
7764176791 0 0 0 A
7776033737 0 0 1 A
8216143303 0 0 2 A
8227090439 0 0 3 A
8227090707 0 0 0 A
8259601959 0 0 1 A
8690031830 0 0 2 A
8731044963 0 0 3 A
8731045299 0 0 0 A
8777946376 0 0 1 A
9173171753 0 0 2 A
9199951162 0 0 3 A
9199951326 0 0 0 A
9220402454 0 0 1 A
9589893706 0 0 2 A
9638602102 0 0 3 A
9638602318 0 0 0 A
9671008451 0 0 1 A
10110235452 0 0 2 A
10140183622 0 0 3 A
10140183828 0 0 0 A
10154773941 0 0 1 A
10519955084 0 0 2 A
10559767197 0 0 3 A
10559767407 0 0 0 A
10588811324 0 0 1 A
11077148475 0 0 2 A
11088298354 0 0 3 A
11088298608 0 0 0 A
11121975552 0 0 1 A
11520828194 0 0 2 A
11569358720 0 0 3 A
11569358952 0 0 0 A
11590420326 0 0 1 A
12049957808 0 0 2 A
12081068420 0 0 3 A
12081068638 0 0 0 A
12114491903 0 0 1 A
12512918150 0 0 2 A
12530652261 0 0 3 A
12530652548 0 0 0 A
12570788364 0 0 1 A
12915587372 0 0 2 A
12927794847 0 0 3 A
12927795107 0 0 0 A
12951204537 0 0 1 A
13286891385 0 0 2 A
13310192844 0 0 3 A
13310193061 0 0 0 A
13328154571 0 0 1 A
13783577738 0 0 2 A
13821439540 0 0 3 A
13821439727 0 0 0 A
13846225205 0 0 1 A
14214858091 0 0 2 A
14261248139 0 0 3 A
14261248337 0 0 0 A
14302181008 0 0 1 A
14716663413 0 0 2 A
14757379540 0 0 3 A
14757379784 0 0 0 A
14787198358 0 0 1 A
15230818167 0 0 2 A
15273143227 0 0 3 A
15273143480 0 0 0 A
15318612148 0 0 1 A
15711998313 0 0 2 A
15755396131 0 0 3 A
15755396366 0 0 0 A
15768710290 0 0 1 A
16224972203 0 0 2 A
16244070036 0 0 3 A
16244070188 0 0 0 A
16280745263 0 0 1 A
16739745774 0 0 2 A
16766649154 0 0 3 A
16766649376 0 0 0 A
16802989558 0 0 1 A
17157597439 0 0 2 A
17195484591 0 0 3 A
17195484855 0 0 0 A
17217319905 0 0 1 A
17627604226 0 0 2 A
17652081121 0 0 3 A
17652081432 0 0 0 A
17684534769 0 0 1 A
17982910243 0 0 2 A
17994324056 0 0 3 A
17994324214 0 0 0 A
18017207557 0 0 1 A
18383526862 0 0 2 A
18413933731 0 0 3 A
18413933995 0 0 0 A
18451856378 0 0 1 A
18843906289 0 0 2 A
18858012607 0 0 3 A
18858012879 0 0 0 A
18880177529 0 0 1 A
19281625064 0 0 2 A
19301471484 0 0 3 A
19301471708 0 0 0 A
19339417012 0 0 1 A
19700531086 0 0 2 A
19716889680 0 0 3 A
19716889998 0 0 0 A
19740505999 0 0 1 A
20162064309 0 0 2 A
20200562204 0 0 3 A
20200562515 0 0 0 A
20222505682 0 0 1 A
20622058217 0 0 2 A
20634194909 0 0 3 A
20634195183 0 0 0 A
20683913383 0 0 1 A
21045763707 0 0 2 A
21074469868 0 0 3 A
21074470090 0 0 0 A
21089915138 0 0 1 A
21466548733 0 0 2 A
21507372037 0 0 3 A
21507372269 0 0 0 A
21557402829 0 0 1 A
21876951049 0 0 2 A
21924917790 0 0 3 A
21924918028 0 0 0 A
21972138299 0 0 1 A
22363167688 0 0 2 A
22394107322 0 0 3 A
22394107480 0 0 0 A
22411860849 0 0 1 A
22865974243 0 0 2 A
22907188222 0 0 3 A
22907188381 0 0 0 A
22943957302 0 0 1 A
23383200754 0 0 2 A
23432125460 0 0 3 A
23432125755 0 0 0 A
23472711761 0 0 1 A
23904481158 0 0 2 A
23916702964 0 0 3 A
23916703124 0 0 0 A
23956605153 0 0 1 A
24394785143 0 0 2 A
24438147141 0 0 3 A
24438147402 0 0 0 A
24454892690 0 0 1 A
24846828373 0 0 2 A
24863570101 0 0 3 A
24863570262 0 0 0 A
24891973011 0 0 1 A
25270734476 0 0 2 A
25292203981 0 0 3 A
25292204140 0 0 0 A
25322636565 0 0 1 A
25695146733 0 0 2 A
25725039942 0 0 3 A
25725040238 0 0 0 A
25755077962 0 0 1 A
26084812238 0 0 2 A
26114616059 0 0 3 A
26114616423 0 0 0 A
26139996039 0 0 1 A
26532581548 0 0 2 A
26543425119 0 0 3 A
26543425325 0 0 0 A
26554687484 0 0 1 A
26813834369 0 0 2 A
26831520706 0 0 3 A
26831520848 0 0 0 A
26861499953 0 0 1 A
27164034209 0 0 2 A
27187093079 0 0 3 A
27187093282 0 0 0 A
27208095581 0 0 1 A
27514798008 0 0 2 A
27544663083 0 0 3 A
27544663335 0 0 0 A
27576644351 0 0 1 A
27824697679 0 0 2 A
27864665514 0 0 3 A
27864665673 0 0 0 A
27884378553 0 0 1 A
28157092827 0 0 2 A
28178155423 0 0 3 A
28178155681 0 0 0 A
28198199624 0 0 1 A
28491050193 0 0 2 A
28533020840 0 0 3 A
28533021030 0 0 0 A
28563969791 0 0 1 A
28841898268 0 0 2 A
28864993775 0 0 3 A
28864993974 0 0 0 A
28880657584 0 0 1 A
29161360668 0 0 2 A
29188990175 0 0 3 A
29188990403 0 0 0 A
29215490528 0 0 1 A
29494888875 0 0 2 A
29510476910 0 0 3 A
29510477152 0 0 0 A
29525960876 0 0 1 A
29787953915 0 0 2 A
29807859462 0 0 3 A
29807859622 0 0 0 A
29823404176 0 0 1 A
30057019248 0 0 2 A
30102660242 0 0 3 A
30102660460 0 0 0 A
30116867408 0 0 1 A
30278898143 0 0 2 A
30324853474 0 0 3 A
30324853692 0 0 0 A
30353418942 0 0 1 A
30508185746 0 0 2 A
30538310563 0 0 3 A
30538310838 0 0 0 A
30555962512 0 0 1 A
30755014894 0 0 2 A
30783573271 0 0 3 A
30783573853 0 0 0 A
30797019452 0 0 1 A
30986455037 0 0 2 A
31017399120 0 0 3 A
31017399337 0 0 0 A
31045027619 0 0 1 A
31239501696 0 0 2 A
31268240859 0 0 3 A
31268241116 0 0 0 A
31307890443 0 0 1 A
31424847088 0 0 2 A
31451672898 0 0 3 A
31451673180 0 0 0 A
31492792379 0 0 1 A
31608579829 0 0 2 A
31645752819 0 0 3 A
31645753121 0 0 0 A
31696313227 0 0 1 A
31812132324 0 0 2 A
31830831240 0 0 3 A
31830831439 0 0 0 A
31851707834 0 0 1 A
31999733959 0 0 2 A
32030791531 0 0 3 A
32030791844 0 0 0 A
32077581677 0 0 1 A
32208468905 0 0 2 A
32229284556 0 0 3 A
32229284822 0 0 0 A
32279884487 0 0 1 A
32433578789 0 0 2 A
32479925213 0 0 3 A
32479925378 0 0 0 A
32503035888 0 0 1 A
32702053274 0 0 2 A
32728603315 0 0 3 A
32728603491 0 0 0 A
32751860699 0 0 1 A
32886620009 0 0 2 A
32912412066 0 0 3 A
32912412278 0 0 0 A
32933383223 0 0 1 A
33037468389 0 0 2 A
33049506721 0 0 3 A
33049506961 0 0 0 A
33086994603 0 0 1 A
33217737191 0 0 2 A
33249541713 0 0 3 A
33249541919 0 0 0 A
33297844486 0 0 1 A
33390066329 0 0 2 A
33433032499 0 0 3 A
33433032787 0 0 0 A
33465155233 0 0 1 A
33527910523 0 0 2 A
33571984712 0 0 3 A
33571985094 0 0 0 A
33585383156 0 0 1 A
33675653445 0 0 2 A
33722713963 0 0 3 A
33722714281 0 0 0 A
33767066667 0 0 1 A
33774795351 0 0 2 A
33792556972 0 0 3 A
33792557204 0 0 0 A
33830755585 0 0 1 A
33830757080 0 0 2 A
33870915240 0 0 3 A
33870915516 0 0 0 A
33894934130 0 0 1 A
33932784749 0 0 2 A
33963415215 0 0 3 A
33963415467 0 0 0 A
34001049709 0 0 1 A
34041866593 0 0 2 A
34072646014 0 0 3 A
34072646258 0 0 0 A
34088028588 0 0 1 A
34140918901 0 0 2 A
34163938286 0 0 3 A
34163938555 0 0 0 A
230164 11 11 0 L
38244125 11 11 1 L
235545704 11 11 2 L
268852082 11 11 3 L
268852228 11 11 0 L
295142578 11 11 1 L
668907896 11 11 2 L
698471806 11 11 3 L
698472202 11 11 0 L
720711719 11 11 1 L
1182841451 11 11 2 L
1227083215 11 11 3 L
1227083385 11 11 0 L
1270722664 11 11 1 L
1610011118 11 11 2 L
1641370567 11 11 3 L
1641370728 11 11 0 L
1661279088 11 11 1 L
2010367556 11 11 2 L
2028058703 11 11 3 L
2028058953 11 11 0 L
2067968982 11 11 1 L
2471742588 11 11 2 L
2508162338 11 11 3 L
2508162479 11 11 0 L
2544696858 11 11 1 L
2938233734 11 11 2 L
2959274293 11 11 3 L
2959274523 11 11 0 L
3006138350 11 11 1 L
3347136448 11 11 2 L
3382172598 11 11 3 L
3382172763 11 11 0 L
3417795355 11 11 1 L
3902045736 11 11 2 L
3944770438 11 11 3 L
3944770785 11 11 0 L
3973545493 11 11 1 L
4410100956 11 11 2 L
4444734369 11 11 3 L
4444734646 11 11 0 L
4458150927 11 11 1 L
4887932924 11 11 2 L
4913692805 11 11 3 L
4913693071 11 11 0 L
4937119463 11 11 1 L
5396380383 11 11 2 L
5419789202 11 11 3 L
5419789467 11 11 0 L
5449738587 11 11 1 L
5901368916 11 11 2 L
5925872500 11 11 3 L
5925872719 11 11 0 L
5963170066 11 11 1 L
6326791466 11 11 2 L
6361157882 11 11 3 L
6361158108 11 11 0 L
6402545177 11 11 1 L
6812110217 11 11 2 L
6848591935 11 11 3 L
6848592127 11 11 0 L
6885668285 11 11 1 L
7316835690 11 11 2 L
7364357825 11 11 3 L
7364358054 11 11 0 L
7409628342 11 11 1 L
7799419873 11 11 2 L
7844674760 11 11 3 L
7844698905 11 11 0 L
7876961909 11 11 1 L
8301749891 11 11 2 L
8315324330 11 11 3 L
8315324500 11 11 0 L
8349580531 11 11 1 L
8789017556 11 11 2 L
8803952623 11 11 3 L
8803952797 11 11 0 L
8854126764 11 11 1 L
9269973763 11 11 2 L
9283138866 11 11 3 L
9283139166 11 11 0 L
9307792243 11 11 1 L
9712400808 11 11 2 L
9726969400 11 11 3 L
9726969574 11 11 0 L
9742478129 11 11 1 L
10207995945 11 11 2 L
10234639164 11 11 3 L
10234639419 11 11 0 L
10258790669 11 11 1 L
10645157083 11 11 2 L
10672096521 11 11 3 L
10672096700 11 11 0 L
10695265781 11 11 1 L
11147590710 11 11 2 L
11158904641 11 11 3 L
11158904799 11 11 0 L
11179113661 11 11 1 L
11637931113 11 11 2 L
11657889030 11 11 3 L
11657889190 11 11 0 L
11675706889 11 11 1 L
12099009621 11 11 2 L
12121029589 11 11 3 L
12121029772 11 11 0 L
12166809186 11 11 1 L
12576155466 11 11 2 L
12612952004 11 11 3 L
12612952181 11 11 0 L
12640834608 11 11 1 L
12981246504 11 11 2 L
13003866141 11 11 3 L
13003866357 11 11 0 L
13052643846 11 11 1 L
13376518378 11 11 2 L
13395283349 11 11 3 L
13395283488 11 11 0 L
13436587720 11 11 1 L
13900461408 11 11 2 L
13915004471 11 11 3 L
13915004685 11 11 0 L
13938068877 11 11 1 L
14342156477 11 11 2 L
14388191557 11 11 3 L
14388191723 11 11 0 L
14409140842 11 11 1 L
14849978259 11 11 2 L
14877337119 11 11 3 L
14877337285 11 11 0 L
14893959201 11 11 1 L
15303047096 11 11 2 L
15337825611 11 11 3 L
15337825772 11 11 0 L
15366188895 11 11 1 L
15787726683 11 11 2 L
15810968017 11 11 3 L
15810968297 11 11 0 L
15832250918 11 11 1 L
16286403409 11 11 2 L
16301977529 11 11 3 L
16301977825 11 11 0 L
16316584696 11 11 1 L
16767738968 11 11 2 L
16810825018 11 11 3 L
16810825274 11 11 0 L
16836056541 11 11 1 L
17196516209 11 11 2 L
17227397126 11 11 3 L
17227397446 11 11 0 L
17258523713 11 11 1 L
17652091371 11 11 2 L
17664517595 11 11 3 L
17664517866 11 11 0 L
17710103603 11 11 1 L
17995383714 11 11 2 L
18031847086 11 11 3 L
18031847345 11 11 0 L
18080871553 11 11 1 L
18509612078 11 11 2 L
18541007841 11 11 3 L
18541008071 11 11 0 L
18564682747 11 11 1 L
18946901442 11 11 2 L
18997106584 11 11 3 L
18997106868 11 11 0 L
19016132052 11 11 1 L
19395505627 11 11 2 L
19429108550 11 11 3 L
19429108782 11 11 0 L
19446609772 11 11 1 L
19862864115 11 11 2 L
19904849172 11 11 3 L
19904849808 11 11 0 L
19945829259 11 11 1 L
20268875170 11 11 2 L
20297936599 11 11 3 L
20297936938 11 11 0 L
20332226762 11 11 1 L
20760587615 11 11 2 L
20800337479 11 11 3 L
20800337721 11 11 0 L
20834665486 11 11 1 L
21177699030 11 11 2 L
21215149251 11 11 3 L
21215149530 11 11 0 L
21262121622 11 11 1 L
21637503582 11 11 2 L
21653867277 11 11 3 L
21653867449 11 11 0 L
21678080739 11 11 1 L
22106681248 11 11 2 L
22129949634 11 11 3 L
22129949859 11 11 0 L
22164619916 11 11 1 L
22579838580 11 11 2 L
22608501028 11 11 3 L
22608501265 11 11 0 L
22655932819 11 11 1 L
23092230478 11 11 2 L
23139792553 11 11 3 L
23139792830 11 11 0 L
23150769751 11 11 1 L
23616488310 11 11 2 L
23660946666 11 11 3 L
23660946965 11 11 0 L
23687314359 11 11 1 L
24077087803 11 11 2 L
24104903102 11 11 3 L
24104903407 11 11 0 L
24155847670 11 11 1 L
24573609993 11 11 2 L
24617970353 11 11 3 L
24617970607 11 11 0 L
24633273738 11 11 1 L
25035471658 11 11 2 L
25054050033 11 11 3 L
25054050267 11 11 0 L
25068327337 11 11 1 L
25416949723 11 11 2 L
25437017827 11 11 3 L
25437018064 11 11 0 L
25476879288 11 11 1 L
25862685778 11 11 2 L
25906679448 11 11 3 L
25906679714 11 11 0 L
25922113897 11 11 1 L
26247867294 11 11 2 L
26286043701 11 11 3 L
26286043981 11 11 0 L
26301263480 11 11 1 L
26679361899 11 11 2 L
26709000444 11 11 3 L
26709000794 11 11 0 L
26725668896 11 11 1 L
26984832515 11 11 2 L
27023769890 11 11 3 L
27023770116 11 11 0 L
27062817825 11 11 1 L
27355262767 11 11 2 L
27403708545 11 11 3 L
27403709118 11 11 0 L
27445501224 11 11 1 L
27707916868 11 11 2 L
27722701329 11 11 3 L
27722701574 11 11 0 L
27753965798 11 11 1 L
27997839630 11 11 2 L
28036041883 11 11 3 L
28036042148 11 11 0 L
28047075302 11 11 1 L
28350810132 11 11 2 L
28377295745 11 11 3 L
28377295985 11 11 0 L
28388299415 11 11 1 L
28661161681 11 11 2 L
28711864237 11 11 3 L
28711864466 11 11 0 L
28730945059 11 11 1 L
29062635916 11 11 2 L
29087926617 11 11 3 L
29087926802 11 11 0 L
29113103991 11 11 1 L
29356198552 11 11 2 L
29399140070 11 11 3 L
29399140590 11 11 0 L
29444241162 11 11 1 L
29678528408 11 11 2 L
29712664553 11 11 3 L
29712673626 11 11 0 L
29724688710 11 11 1 L
29988899254 11 11 2 L
30015205252 11 11 3 L
30015205479 11 11 0 L
30027337016 11 11 1 L
30226582738 11 11 2 L
30253145200 11 11 3 L
30253145467 11 11 0 L
30300369913 11 11 1 L
30482677486 11 11 2 L
30507117474 11 11 3 L
30507117757 11 11 0 L
30522846153 11 11 1 L
30713367768 11 11 2 L
30753939670 11 11 3 L
30753939986 11 11 0 L
30771521637 11 11 1 L
30955436535 11 11 2 L
30986451688 11 11 3 L
30986451952 11 11 0 L
31012744460 11 11 1 L
31193020336 11 11 2 L
31238326553 11 11 3 L
31238326922 11 11 0 L
31285786324 11 11 1 L
31409551148 11 11 2 L
31423797262 11 11 3 L
31423797537 11 11 0 L
31438163283 11 11 1 L
31568681279 11 11 2 L
31591863853 11 11 3 L
31591864109 11 11 0 L
31620731022 11 11 1 L
31755183603 11 11 2 L
31770076196 11 11 3 L
31770076460 11 11 0 L
31788926546 11 11 1 L
31936687070 11 11 2 L
31954238913 11 11 3 L
31954239137 11 11 0 L
31983094307 11 11 1 L
32109904739 11 11 2 L
32132910053 11 11 3 L
32132910442 11 11 0 L
32178841245 11 11 1 L
32358291479 11 11 2 L
32405930128 11 11 3 L
32405930359 11 11 0 L
32446883651 11 11 1 L
32627599529 11 11 2 L
32670319856 11 11 3 L
32670320117 11 11 0 L
32719755812 11 11 1 L
32829081812 11 11 2 L
32841401870 11 11 3 L
32841402128 11 11 0 L
32885647136 11 11 1 L
33010161897 11 11 2 L
33025478181 11 11 3 L
33025478403 11 11 0 L
33072714233 11 11 1 L
33128834522 11 11 2 L
33177140639 11 11 3 L
33177140890 11 11 0 L
33216659932 11 11 1 L
33340779955 11 11 2 L
33356368389 11 11 3 L
33356368617 11 11 0 L
33401181897 11 11 1 L
33488184660 11 11 2 L
33516688054 11 11 3 L
33516688722 11 11 0 L
33543496495 11 11 1 L
33660281388 11 11 2 L
33675542775 11 11 3 L
33675542993 11 11 0 L
33717140326 11 11 1 L
33735791763 11 11 2 L
33773804986 11 11 3 L
33773805297 11 11 0 L
33814390878 11 11 1 L
33814392154 11 11 2 L
33827643850 11 11 3 L
33827644213 11 11 0 L
33872214593 11 11 1 L
33886548075 11 11 2 L
33931769952 11 11 3 L
33931770278 11 11 0 L
33972592275 11 11 1 L
34012429102 11 11 2 L
34040796417 11 11 3 L
34040796670 11 11 0 L
34086845928 11 11 1 L
34096950153 11 11 2 L
34139655033 11 11 3 L
34139655302 11 11 0 L
34169190812 11 11 1 L
34181490883 11 11 2 L
34222098602 11 11 3 L
34222099052 11 11 0 L
34257889987 11 11 1 L
34257891735 11 11 2 L
34290175737 11 11 3 L
34290176109 11 11 0 L
34320786076 11 11 1 L
34339418972 11 11 2 L
34362693896 11 11 3 L
34362694199 11 11 0 L
34373956571 11 11 1 L
34373957899 11 11 2 L
34385535061 11 11 3 L
34385535344 11 11 0 L
259278 3 3 0 D
51038370 3 3 1 D
378713981 3 3 2 D
409969530 3 3 3 D
409969701 3 3 0 D
426678884 3 3 1 D
832253545 3 3 2 D
857632777 3 3 3 D
857632931 3 3 0 D
874158317 3 3 1 D
1363973525 3 3 2 D
1410438448 3 3 3 D
1410438637 3 3 0 D
1436208960 3 3 1 D
1761779136 3 3 2 D
1782749012 3 3 3 D
1782749270 3 3 0 D
1821831828 3 3 1 D
2161596907 3 3 2 D
2208180123 3 3 3 D
2208180276 3 3 0 D
2223757028 3 3 1 D
2648266736 3 3 2 D
2662686887 3 3 3 D
2662687042 3 3 0 D
2692374924 3 3 1 D
3088130716 3 3 2 D
3104912367 3 3 3 D
3104912519 3 3 0 D
3141371613 3 3 1 D
3550392300 3 3 2 D
3576951436 3 3 3 D
3576951673 3 3 0 D
3609101960 3 3 1 D
4054302844 3 3 2 D
4073379849 3 3 3 D
4073380132 3 3 0 D
4085481456 3 3 1 D
4567908666 3 3 2 D
4588225191 3 3 3 D
4588225484 3 3 0 D
4617083547 3 3 1 D
5053132831 3 3 2 D
5103929711 3 3 3 D
5103930093 3 3 0 D
5150949811 3 3 1 D
5529016565 3 3 2 D
5561708317 3 3 3 D
5561708540 3 3 0 D
5598064181 3 3 1 D
6021923899 3 3 2 D
6045570088 3 3 3 D
6045570357 3 3 0 D
6073325544 3 3 1 D
6474713049 3 3 2 D
6522251752 3 3 3 D
6522252043 3 3 0 D
6566643752 3 3 1 D
6960511737 3 3 2 D
6996142777 3 3 3 D
6996143018 3 3 0 D
7025034381 3 3 1 D
7488664015 3 3 2 D
7529547692 3 3 3 D
7529547915 3 3 0 D
7572547285 3 3 1 D
7982513216 3 3 2 D
8030027070 3 3 3 D
8030067272 3 3 0 D
8072097022 3 3 1 D
8438154493 3 3 2 D
8468578581 3 3 3 D
8468578745 3 3 0 D
8500877869 3 3 1 D
8974428441 3 3 2 D
9017793106 3 3 3 D
9017793429 3 3 0 D
9033117411 3 3 1 D
9395265278 3 3 2 D
9420827003 3 3 3 D
9420827147 3 3 0 D
9431840347 3 3 1 D
9852011677 3 3 2 D
9880999983 3 3 3 D
9881000238 3 3 0 D
9918636228 3 3 1 D
10302904783 3 3 2 D
10320415026 3 3 3 D
10320415164 3 3 0 D
10351282691 3 3 1 D
10742087175 3 3 2 D
10792808240 3 3 3 D
10792808410 3 3 0 D
10828000103 3 3 1 D
11207931491 3 3 2 D
11254518353 3 3 3 D
11254518506 3 3 0 D
11295658007 3 3 1 D
11720621448 3 3 2 D
11748302484 3 3 3 D
11748302637 3 3 0 D
11783575480 3 3 1 D
12224547726 3 3 2 D
12267655992 3 3 3 D
12267656121 3 3 0 D
12283185563 3 3 1 D
12655147300 3 3 2 D
12676951569 3 3 3 D
12676951725 3 3 0 D
12718232603 3 3 1 D
13040142398 3 3 2 D
13079519867 3 3 3 D
13079520024 3 3 0 D
13112667200 3 3 1 D
13445741231 3 3 2 D
13465728191 3 3 3 D
13465728363 3 3 0 D
13478940895 3 3 1 D
13930517080 3 3 2 D
13946024931 3 3 3 D
13946025085 3 3 0 D
13963626097 3 3 1 D
14416089631 3 3 2 D
14465099123 3 3 3 D
14465099309 3 3 0 D
14493080609 3 3 1 D
14900730206 3 3 2 D
14914331788 3 3 3 D
14914332027 3 3 0 D
14935603604 3 3 1 D
15386063243 3 3 2 D
15425906596 3 3 3 D
15425906780 3 3 0 D
15438958096 3 3 1 D
15871004536 3 3 2 D
15900743242 3 3 3 D
15900743387 3 3 0 D
15934164400 3 3 1 D
16382856938 3 3 2 D
16423997424 3 3 3 D
16423997594 3 3 0 D
16438325543 3 3 1 D
16882757330 3 3 2 D
16907122820 3 3 3 D
16907123059 3 3 0 D
16931859258 3 3 1 D
17307094224 3 3 2 D
17321628077 3 3 3 D
17321628295 3 3 0 D
17340677491 3 3 1 D
17728096740 3 3 2 D
17742572897 3 3 3 D
17742573069 3 3 0 D
17754554977 3 3 1 D
18042942733 3 3 2 D
18059514591 3 3 3 D
18059515110 3 3 0 D
18072930669 3 3 1 D
18481915706 3 3 2 D
18508619504 3 3 3 D
18508619773 3 3 0 D
18520184081 3 3 1 D
18909020762 3 3 2 D
18945906903 3 3 3 D
18945907133 3 3 0 D
18975798414 3 3 1 D
19381038687 3 3 2 D
19394482017 3 3 3 D
19394482284 3 3 0 D
19425669360 3 3 1 D
19836053103 3 3 2 D
19862859508 3 3 3 D
19862859736 3 3 0 D
19906036319 3 3 1 D
20251357486 3 3 2 D
20267895455 3 3 3 D
20267895725 3 3 0 D
20315810830 3 3 1 D
20713171555 3 3 2 D
20759679943 3 3 3 D
20759680214 3 3 0 D
20792639731 3 3 1 D
21149884077 3 3 2 D
21177618244 3 3 3 D
21177618493 3 3 0 D
21205280911 3 3 1 D
21571756928 3 3 2 D
21618642739 3 3 3 D
21618642999 3 3 0 D
21655129331 3 3 1 D
22035616397 3 3 2 D
22058973171 3 3 3 D
22058973426 3 3 0 D
22080064182 3 3 1 D
22478411547 3 3 2 D
22512376402 3 3 3 D
22512376649 3 3 0 D
22533498113 3 3 1 D
23012531804 3 3 2 D
23033660818 3 3 3 D
23033660987 3 3 0 D
23058972797 3 3 1 D
23510505401 3 3 2 D
23537516706 3 3 3 D
23537516973 3 3 0 D
23567469528 3 3 1 D
23992991379 3 3 2 D
24030684961 3 3 3 D
24030685216 3 3 0 D
24047369726 3 3 1 D
24500424306 3 3 2 D
24527980669 3 3 3 D
24527980965 3 3 0 D
24545940262 3 3 1 D
24965289426 3 3 2 D
25010093460 3 3 3 D
25010093726 3 3 0 D
25024092890 3 3 1 D
25368101700 3 3 2 D
25404762160 3 3 3 D
25404762401 3 3 0 D
25438193933 3 3 1 D
25831646937 3 3 2 D
25861664686 3 3 3 D
25861664908 3 3 0 D
25897928231 3 3 1 D
26222429696 3 3 2 D
26247855210 3 3 3 D
26247855594 3 3 0 D
26290543532 3 3 1 D
26645222986 3 3 2 D
26678368165 3 3 3 D
26678368312 3 3 0 D
26691562499 3 3 1 D
26939664831 3 3 2 D
26966106847 3 3 3 D
26966107105 3 3 0 D
26980497191 3 3 1 D
27262154709 3 3 2 D
27283280979 3 3 3 D
27283281222 3 3 0 D
27329724676 3 3 1 D
27608648762 3 3 2 D
27628830504 3 3 3 D
27628830723 3 3 0 D
27676039678 3 3 1 D
27916524522 3 3 2 D
27937934890 3 3 3 D
27937935224 3 3 0 D
27983758594 3 3 1 D
28293155638 3 3 2 D
28334308020 3 3 3 D
28334308328 3 3 0 D
28372742891 3 3 1 D
28640203111 3 3 2 D
28660063617 3 3 3 D
28660063781 3 3 0 D
28707147805 3 3 1 D
29037151035 3 3 2 D
29062632776 3 3 3 D
29062633078 3 3 0 D
29085611157 3 3 1 D
29312900397 3 3 2 D
29356112856 3 3 3 D
29356113111 3 3 0 D
29382586072 3 3 1 D
29630949161 3 3 2 D
29677414539 3 3 3 D
29677414750 3 3 0 D
29708407612 3 3 1 D
29973544397 3 3 2 D
29988873998 3 3 3 D
29988874507 3 3 0 D
30006658246 3 3 1 D
30195510770 3 3 2 D
30226578151 3 3 3 D
30226578378 3 3 0 D
30261135571 3 3 1 D
30441819687 3 3 2 D
30458334016 3 3 3 D
30458334294 3 3 0 D
30499381952 3 3 1 D
30667461891 3 3 2 D
30713269094 3 3 3 D
30713269480 3 3 0 D
30726436029 3 3 1 D
30914159627 3 3 2 D
30955403876 3 3 3 D
30955404182 3 3 0 D
30996333053 3 3 1 D
31150272828 3 3 2 D
31193008310 3 3 3 D
31193017390 3 3 0 D
31239499263 3 3 1 D
31378305770 3 3 2 D
31409528116 3 3 3 D
31409528637 3 3 0 D
31450488797 3 3 1 D
31591939364 3 3 2 D
31607488598 3 3 3 D
31607488815 3 3 0 D
31631453384 3 3 1 D
31771145320 3 3 2 D
31812050414 3 3 3 D
31812050679 3 3 0 D
31850667476 3 3 1 D
31955358283 3 3 2 D
31999729605 3 3 3 D
31999729872 3 3 0 D
32018592952 3 3 1 D
32132921696 3 3 2 D
32160886597 3 3 3 D
32160886877 3 3 0 D
32174099713 3 3 1 D
32336329494 3 3 2 D
32357189751 3 3 3 D
32357189999 3 3 0 D
32396917486 3 3 1 D
32594494201 3 3 2 D
32626608471 3 3 3 D
32626608735 3 3 0 D
32668060198 3 3 1 D
32815806626 3 3 2 D
32829079013 3 3 3 D
32829079187 3 3 0 D
32874539591 3 3 1 D
32987159014 3 3 2 D
33009021694 3 3 3 D
33009021908 3 3 0 D
33027640653 3 3 1 D
33112208615 3 3 2 D
33127856857 3 3 3 D
33127857117 3 3 0 D
33163044604 3 3 1 D
33297926897 3 3 2 D
33340677971 3 3 3 D
33340678334 3 3 0 D
33385884628 3 3 1 D
33455155693 3 3 2 D
33488181371 3 3 3 D
33488181634 3 3 0 D
33530154819 3 3 1 D
33571987292 3 3 2 D
33619258953 3 3 3 D
33619259336 3 3 0 D
33652335495 3 3 1 D
33722717401 3 3 2 D
33734718256 3 3 3 D
33734718636 3 3 0 D
33772642591 3 3 1 D
33792662587 3 3 2 D
33804964388 3 3 3 D
33804964714 3 3 0 D
33852243953 3 3 1 D
33871021923 3 3 2 D
33885463985 3 3 3 D
33885464365 3 3 0 D
33912684207 3 3 1 D
33963533641 3 3 2 D
34011161712 3 3 3 D
34011162029 3 3 0 D
34059419050 3 3 1 D
34072651140 3 3 2 D
34096862213 3 3 3 D
34096862595 3 3 0 D
34143056493 3 3 1 D
34164026226 3 3 2 D
34181386941 3 3 3 D
34181387205 3 3 0 D
34204682155 3 3 1 D
34223303856 3 3 2 D
34250608926 3 3 3 D
34250609283 3 3 0 D
34298503962 3 3 1 D
34298505592 3 3 2 D
34339384050 3 3 3 D
34339384384 3 3 0 D
34374186160 3 3 1 D
34386685307 3 3 2 D
34417978578 3 3 3 D
34417978882 3 3 0 D
-1 15 15 4 Local_Section;Entry_Protocol;Critical_Section;Exit_Protocol;MAX_TICKET=1093;
