 0.000622561  1  1  0  B
 0.040456287  1  1  1  B
 0.057706642  1  1  2  B
 0.093370058  1  1  3  B
 0.093370883  1  1  0  B
 0.103815427  1  1  1  B
 0.138365499  1  1  2  B
 0.157528537  1  1  3  B
 0.157530103  1  1  0  B
 0.173185541  1  1  1  B
 0.208916645  1  1  2  B
 0.238760459  1  1  3  B
 0.238762516  1  1  0  B
 0.260650307  1  1  1  B
 0.261723896  1  1  2  B
 0.272804657  1  1  3  B
 0.272806527  1  1  0  B
 0.303498580  1  1  1  B
 0.315486264  1  1  2  B
 0.362648331  1  1  3  B
 0.362649722  1  1  0  B
 0.381073457  1  1  1  B
 0.400699933  1  1  2  B
 0.448979208  1  1  3  B
 0.448980276  1  1  0  B
 0.469625615  1  1  1  B
 0.485913976  1  1  2  B
 0.519537532  1  1  3  B
 0.519539536  1  1  0  B
 0.541165459  1  1  1  B
 0.559665361  1  1  2  B
 0.579617207  1  1  3  B
 0.579619670  1  1  0  B
 0.617973600  1  1  1  B
 0.617975447  1  1  2  B
 0.628688575  1  1  3  B
 0.628689617  1  1  0  B
 0.664337224  1  1  1  B
 0.664339546  1  1  2  B
 0.678094837  1  1  3  B
 0.678097206  1  1  0  B
 0.718787725  1  1  1  B
 0.718789929  1  1  2  B
 0.735906451  1  1  3  B
 0.735907492  1  1  0  B
 0.769041297  1  1  1  B
 0.769043645  1  1  2  B
 0.815834794  1  1  3  B
 0.815836763  1  1  0  B
 0.839446631  1  1  1  B
 0.849230188  1  1  2  B
 0.860847159  1  1  3  B
 0.860849338  1  1  0  B
 0.880475690  1  1  1  B
 0.880477679  1  1  2  B
 0.899291269  1  1  3  B
 0.899292172  1  1  0  B
 0.930812935  1  1  1  B
 0.945022993  1  1  2  B
 0.975498224  1  1  3  B
 0.975500399  1  1  0  B
 0.991671779  1  1  1  B
 0.998332849  1  1  2  B
 1.036172281  1  1  3  B
 1.036174457  1  1  0  B
 1.071796441  1  1  1  B
 1.072871052  1  1  2  B
 1.084481734  1  1  3  B
 1.084483691  1  1  0  B
 1.121396757  1  1  1  B
 1.121398826  1  1  2  B
 1.162742622  1  1  3  B
 1.162745410  1  1  0  B
 1.175446883  1  1  1  B
 1.187440732  1  1  2  B
 1.203025066  1  1  3  B
 1.203028369  1  1  0  B
 1.216629828  1  1  1  B
 1.216640642  1  1  2  B
 1.242175693  1  1  3  B
 1.242176667  1  1  0  B
 1.252683906  1  1  1  B
 1.275400616  1  1  2  B
 1.304903591  1  1  3  B
 1.304903886  1  1  0  B
 1.351881566  1  1  1  B
 1.351882736  1  1  2  B
 1.378211813  1  1  3  B
 1.378212342  1  1  0  B
 1.407398923  1  1  1  B
 1.407399538  1  1  2  B
 1.452209913  1  1  3  B
 1.452210550  1  1  0  B
 1.465651925  1  1  1  B
 1.465652275  1  1  2  B
 1.482921388  1  1  3  B
 1.482921920  1  1  0  B
 1.528478711  1  1  1  B
 1.531691468  1  1  2  B
 1.579990329  1  1  3  B
 1.579990969  1  1  0  B
 1.629871524  1  1  1  B
 1.629872178  1  1  2  B
 1.667546474  1  1  3  B
 1.667546750  1  1  0  B
 1.716165768  1  1  1  B
 1.717224644  1  1  2  B
 1.759760778  1  1  3  B
 1.759761465  1  1  0  B
 1.769968391  1  1  1  B
 1.796880361  1  1  2  B
 1.839233775  1  1  3  B
 1.839234334  1  1  0  B
 1.886409325  1  1  1  B
 1.886410045  1  1  2  B
 1.897360671  1  1  3  B
 1.897361473  1  1  0  B
 1.931162520  1  1  1  B
 1.958084493  1  1  2  B
 1.979105750  1  1  3  B
 1.979106380  1  1  0  B
 2.026599318  1  1  1  B
 2.027668336  1  1  2  B
 2.055868901  1  1  3  B
 2.055870224  1  1  0  B
 2.095045744  1  1  1  B
 2.096117638  1  1  2  B
 2.125694762  1  1  3  B
 2.125695426  1  1  0  B
 2.173745206  1  1  1  B
 2.173746051  1  1  2  B
 2.212159086  1  1  3  B
 2.212159747  1  1  0  B
 2.223886636  1  1  1  B
 2.249413054  1  1  2  B
 2.279602478  1  1  3  B
 2.279604244  1  1  0  B
 2.313383672  1  1  1  B
 2.345363332  1  1  2  B
 2.382555153  1  1  3  B
 2.382555684  1  1  0  B
 2.405154211  1  1  1  B
 2.411653126  1  1  2  B
 2.428309170  1  1  3  B
 2.428310102  1  1  0  B
 2.459144131  1  1  1  B
 2.459144872  1  1  2  B
 2.500934326  1  1  3  B
 2.500934628  1  1  0  B
 2.513534195  1  1  1  B
 2.550288930  1  1  2  B
 2.582308153  1  1  3  B
 2.582308669  1  1  0  B
 2.622398884  1  1  1  B
 2.622400936  1  1  2  B
 2.646992950  1  1  3  B
 2.646993961  1  1  0  B
 2.667014132  1  1  1  B
 2.687576496  1  1  2  B
 2.702614919  1  1  3  B
 2.702615443  1  1  0  B
 2.744353437  1  1  1  B
 2.758366351  1  1  2  B
 2.778721464  1  1  3  B
 2.778722056  1  1  0  B
 2.826278247  1  1  1  B
 2.826278951  1  1  2  B
 2.837605305  1  1  3  B
 2.837605842  1  1  0  B
 2.858462782  1  1  1  B
 2.858463524  1  1  2  B
 2.869575150  1  1  3  B
 2.869575705  1  1  0  B
 2.897515218  1  1  1  B
 2.936432760  1  1  2  B
 2.976193232  1  1  3  B
 2.976193800  1  1  0  B
 2.994584925  1  1  1  B
 3.018144582  1  1  2  B
 3.043613066  1  1  3  B
 3.043613758  1  1  0  B
 3.061772126  1  1  1  B
 3.100145644  1  1  2  B
 3.122468481  1  1  3  B
 3.122470619  1  1  0  B
 3.162865967  1  1  1  B
 3.162868044  1  1  2  B
 3.182380944  1  1  3  B
 3.182382455  1  1  0  B
 3.205502631  1  1  1  B
 3.216372766  1  1  2  B
 3.257763791  1  1  3  B
 3.257765107  1  1  0  B
 3.277255167  1  1  1  B
 3.306379178  1  1  2  B
 3.320850948  1  1  3  B
 3.320851514  1  1  0  B
 3.369253654  1  1  1  B
 3.399220985  1  1  2  B
 3.438223399  1  1  3  B
 3.438226250  1  1  0  B
 3.467703289  1  1  1  B
 3.467703989  1  1  2  B
 3.477900078  1  1  3  B
 3.477900592  1  1  0  B
 3.523527819  1  1  1  B
 3.523528492  1  1  2  B
 3.544297026  1  1  3  B
 3.544297549  1  1  0  B
 3.592978933  1  1  1  B
 3.603784812  1  1  2  B
 3.613965337  1  1  3  B
 3.613966244  1  1  0  B
 3.660613110  1  1  1  B
 3.670341008  1  1  2  B
 3.700670882  1  1  3  B
 3.700671399  1  1  0  B
 3.725539660  1  1  1  B
 3.725540287  1  1  2  B
 3.774289697  1  1  3  B
 3.774290263  1  1  0  B
 3.794469285  1  1  1  B
 3.821249194  1  1  2  B
 3.860458139  1  1  3  B
 3.860458894  1  1  0  B
 3.881160787  1  1  1  B
 3.897231506  1  1  2  B
 3.911008506  1  1  3  B
 3.911025072  1  1  0  B
 3.925969138  1  1  1  B
 3.925971155  1  1  2  B
 3.973626253  1  1  3  B
 3.973626817  1  1  0  B
 3.990870601  1  1  1  B
 3.999477122  1  1  2  B
 4.046396768  1  1  3  B
 4.046397290  1  1  0  B
 4.077773375  1  1  1  B
 4.077774161  1  1  2  B
 4.117879946  1  1  3  B
 4.117880512  1  1  0  B
 4.131260980  1  1  1  B
 4.168872096  1  1  2  B
 4.179755344  1  1  3  B
 4.179757181  1  1  0  B
 4.229327257  1  1  1  B
 4.240062789  1  1  2  B
 4.276748707  1  1  3  B
 4.276750329  1  1  0  B
 4.309974639  1  1  1  B
 4.323040499  1  1  2  B
 4.364634790  1  1  3  B
 4.364636899  1  1  0  B
 4.391288254  1  1  1  B
 4.406520311  1  1  2  B
 4.455729937  1  1  3  B
 4.455731778  1  1  0  B
 4.492596595  1  1  1  B
 4.492598822  1  1  2  B
 4.538713519  1  1  3  B
 4.538714799  1  1  0  B
 4.561065207  1  1  1  B
 4.585057728  1  1  2  B
 4.627369119  1  1  3  B
 4.627369945  1  1  0  B
 0.000515363  0  0  0  A
 0.012548381  0  0  1  A
 0.012549263  0  0  2  A
 0.057162865  0  0  3  A
 0.057164449  0  0  0  A
 0.086687585  0  0  1  A
 0.094303833  0  0  2  A
 0.137747878  0  0  3  A
 0.137748615  0  0  0  A
 0.155239946  0  0  1  A
 0.158514173  0  0  2  A
 0.208247798  0  0  3  A
 0.208249595  0  0  0  A
 0.231850282  0  0  1  A
 0.239585016  0  0  2  A
 0.261714169  0  0  3  A
 0.261715454  0  0  0  A
 0.275540453  0  0  1  A
 0.275542765  0  0  2  A
 0.315459002  0  0  3  A
 0.315460984  0  0  0  A
 0.359947211  0  0  1  A
 0.363336651  0  0  2  A
 0.399766522  0  0  3  A
 0.399768074  0  0  0  A
 0.430644556  0  0  1  A
 0.449071913  0  0  2  A
 0.485146981  0  0  3  A
 0.485148586  0  0  0  A
 0.525471565  0  0  1  A
 0.525474129  0  0  2  A
 0.558677133  0  0  3  A
 0.558678890  0  0  0  A
 0.590557796  0  0  1  A
 0.590559757  0  0  2  A
 0.601535809  0  0  3  A
 0.601537796  0  0  0  A
 0.622300088  0  0  1  A
 0.628703115  0  0  2  A
 0.650998713  0  0  3  A
 0.651000554  0  0  0  A
 0.671601202  0  0  1  A
 0.678249053  0  0  2  A
 0.713634844  0  0  3  A
 0.713642011  0  0  0  A
 0.732852522  0  0  1  A
 0.736224168  0  0  2  A
 0.762930758  0  0  3  A
 0.762932705  0  0  0  A
 0.776168480  0  0  1  A
 0.816452631  0  0  2  A
 0.848711226  0  0  3  A
 0.848712530  0  0  0  A
 0.898209386  0  0  1  A
 0.899294819  0  0  2  A
 0.944575136  0  0  3  A
 0.944576309  0  0  0  A
 0.978582527  0  0  1  A
 0.978585155  0  0  2  A
 0.997889075  0  0  3  A
 0.997889996  0  0  0  A
 1.045518440  0  0  1  A
 1.045520798  0  0  2  A
 1.072729778  0  0  3  A
 1.072731038  0  0  0  A
 1.092194270  0  0  1  A
 1.092196553  0  0  2  A
 1.118622968  0  0  3  A
 1.118624964  0  0  0  A
 1.164858166  0  0  1  A
 1.164860477  0  0  2  A
 1.187160204  0  0  3  A
 1.187162021  0  0  0  A
 1.223432802  0  0  1  A
 1.242777657  0  0  2  A
 1.274883819  0  0  3  A
 1.274884534  0  0  0  A
 1.293784743  0  0  1  A
 1.305683460  0  0  2  A
 1.322181983  0  0  3  A
 1.322182522  0  0  0  A
 1.356656382  0  0  1  A
 1.379085895  0  0  2  A
 1.403147842  0  0  3  A
 1.403148729  0  0  0  A
 1.415565981  0  0  1  A
 1.452328248  0  0  2  A
 1.465588123  0  0  3  A
 1.465588458  0  0  0  A
 1.508943186  0  0  1  A
 1.508943842  0  0  2  A
 1.530698349  0  0  3  A
 1.530698765  0  0  0  A
 1.570650293  0  0  1  A
 1.580320446  0  0  2  A
 1.628335135  0  0  3  A
 1.628335936  0  0  0  A
 1.666725059  0  0  1  A
 1.667784213  0  0  2  A
 1.716424819  0  0  3  A
 1.716424981  0  0  0  A
 1.738857716  0  0  1  A
 1.760428973  0  0  2  A
 1.795940693  0  0  3  A
 1.795941248  0  0  0  A
 1.837101155  0  0  1  A
 1.839295133  0  0  2  A
 1.881823886  0  0  3  A
 1.881824661  0  0  0  A
 1.907580517  0  0  1  A
 1.907581257  0  0  2  A
 1.957234048  0  0  3  A
 1.957234466  0  0  0  A
 1.982998570  0  0  1  A
 1.982999324  0  0  2  A
 1.995041129  0  0  3  A
 1.995042935  0  0  0  A
 2.013066268  0  0  1  A
 2.013067218  0  0  2  A
 2.027175288  0  0  3  A
 2.027176680  0  0  0  A
 2.050524246  0  0  1  A
 2.056915786  0  0  2  A
 2.095541316  0  0  3  A
 2.095542166  0  0  0  A
 2.139246402  0  0  1  A
 2.139247396  0  0  2  A
 2.171835546  0  0  3  A
 2.171836543  0  0  0  A
 2.182798153  0  0  1  A
 2.212929750  0  0  2  A
 2.248848201  0  0  3  A
 2.248849233  0  0  0  A
 2.280607243  0  0  1  A
 2.280608090  0  0  2  A
 2.292162204  0  0  3  A
 2.292162727  0  0  0  A
 2.304820803  0  0  1  A
 2.304821684  0  0  2  A
 2.344978109  0  0  3  A
 2.344978869  0  0  0  A
 2.358228969  0  0  1  A
 2.382896283  0  0  2  A
 2.410949426  0  0  3  A
 2.410950041  0  0  0  A
 2.428599529  0  0  1  A
 2.428600225  0  0  2  A
 2.444422181  0  0  3  A
 2.444422754  0  0  0  A
 2.493553065  0  0  1  A
 2.501129477  0  0  2  A
 2.549395420  0  0  3  A
 2.549395971  0  0  0  A
 2.570517176  0  0  1  A
 2.582394968  0  0  2  A
 2.607516523  0  0  3  A
 2.607518637  0  0  0  A
 2.635601728  0  0  1  A
 2.647548343  0  0  2  A
 2.686626020  0  0  3  A
 2.686626626  0  0  0  A
 2.728795153  0  0  1  A
 2.728796065  0  0  2  A
 2.757899922  0  0  3  A
 2.757900510  0  0  0  A
 2.772209729  0  0  1  A
 2.779664602  0  0  2  A
 2.825876149  0  0  3  A
 2.825876922  0  0  0  A
 2.837810132  0  0  1  A
 2.837810756  0  0  2  A
 2.855641069  0  0  3  A
 2.855641601  0  0  0  A
 2.897307880  0  0  1  A
 2.897309816  0  0  2  A
 2.935628809  0  0  3  A
 2.935629668  0  0  0  A
 2.963558458  0  0  1  A
 2.976486468  0  0  2  A
 3.017618494  0  0  3  A
 3.017619305  0  0  0  A
 3.049981453  0  0  1  A
 3.049982349  0  0  2  A
 3.099179535  0  0  3  A
 3.099180311  0  0  0  A
 3.145219098  0  0  1  A
 3.145221129  0  0  2  A
 3.155586717  0  0  3  A
 3.155588815  0  0  0  A
 3.167452294  0  0  1  A
 3.182645403  0  0  2  A
 3.215739101  0  0  3  A
 3.215740068  0  0  0  A
 3.255270396  0  0  1  A
 3.258486771  0  0  2  A
 3.305790272  0  0  3  A
 3.305791046  0  0  0  A
 3.317256378  0  0  1  A
 3.321524626  0  0  2  A
 3.334199717  0  0  3  A
 3.334200314  0  0  0  A
 3.357818073  0  0  1  A
 3.357818994  0  0  2  A
 3.398904227  0  0  3  A
 3.398904948  0  0  0  A
 3.433019965  0  0  1  A
 3.438460625  0  0  2  A
 3.454320313  0  0  3  A
 3.454320848  0  0  0  A
 3.482136704  0  0  1  A
 3.482137325  0  0  2  A
 3.516548043  0  0  3  A
 3.516548595  0  0  0  A
 3.554888398  0  0  1  A
 3.554889193  0  0  2  A
 3.602899477  0  0  3  A
 3.602900237  0  0  0  A
 3.652156443  0  0  1  A
 3.652157142  0  0  2  A
 3.669645463  0  0  3  A
 3.669646011  0  0  0  A
 3.680967369  0  0  1  A
 3.701498169  0  0  2  A
 3.715238052  0  0  3  A
 3.715238596  0  0  0  A
 3.752341308  0  0  1  A
 3.774882541  0  0  2  A
 3.820451557  0  0  3  A
 3.820476737  0  0  0  A
 3.854454215  0  0  1  A
 3.860850767  0  0  2  A
 3.896385718  0  0  3  A
 3.896386329  0  0  0  A
 3.943936450  0  0  1  A
 3.974078935  0  0  2  A
 3.998689363  0  0  3  A
 3.998690289  0  0  0  A
 4.038633900  0  0  1  A
 4.047270703  0  0  2  A
 4.074902319  0  0  3  A
 4.074902990  0  0  0  A
 4.087954452  0  0  1  A
 4.118294812  0  0  2  A
 4.168234266  0  0  3  A
 4.168235012  0  0  0  A
 4.194483085  0  0  1  A
 4.194484083  0  0  2  A
 4.239093151  0  0  3  A
 4.239093883  0  0  0  A
 4.283326288  0  0  1  A
 4.283328091  0  0  2  A
 4.322183923  0  0  3  A
 4.322185195  0  0  0  A
 4.370272452  0  0  1  A
 4.370274591  0  0  2  A
 4.405459996  0  0  3  A
 4.405461754  0  0  0  A
 4.420953621  0  0  1  A
 4.455775700  0  0  2  A
 4.489503146  0  0  3  A
 4.489505412  0  0  0  A
 4.519595285  0  0  1  A
 4.539349782  0  0  2  A
 4.584341699  0  0  3  A
 4.584342891  0  0  0  A
 4.620510759  0  0  1  A
 4.628046270  0  0  2  A
 4.651898352  0  0  3  A
 4.651900425  0  0  0  A
 4.686288743  0  0  1  A
 4.686290730  0  0  2  A
 4.704114723  0  0  3  A
 4.704116592  0  0  0  A
 4.717558603  0  0  1  A
 4.717560784  0  0  2  A
 4.740484082  0  0  3  A
 4.740486231  0  0  0  A
 4.779493205  0  0  1  A
 4.779495342  0  0  2  A
 4.829241132  0  0  3  A
 4.829243510  0  0  0  A
 4.856110273  0  0  1  A
 4.856112277  0  0  2  A
 4.887301755  0  0  3  A
 4.887303770  0  0  0  A
 4.918334905  0  0  1  A
 4.918337392  0  0  2  A
 4.938945440  0  0  3  A
 4.938947375  0  0  0  A
 4.958477588  0  0  1  A
 4.958479711  0  0  2  A
 5.006592518  0  0  3  A
 5.006594663  0  0  0  A
 5.026948086  0  0  1  A
 5.026950059  0  0  2  A
 5.060782841  0  0  3  A
 5.060784691  0  0  0  A
 5.110934567  0  0  1  A
 5.110937045  0  0  2  A
 5.126742431  0  0  3  A
 5.126744285  0  0  0  A
 5.165720988  0  0  1  A
 5.165722961  0  0  2  A
 5.196769698  0  0  3  A
 5.196771732  0  0  0  A
 5.241201894  0  0  1  A
 5.241203781  0  0  2  A
 5.257870070  0  0  3  A
 5.257871934  0  0  0  A
 5.280843878  0  0  1  A
 5.280846099  0  0  2  A
 5.294523911  0  0  3  A
 5.294525946  0  0  0  A
 5.325939459  0  0  1  A
 5.325941432  0  0  2  A
 5.352212966  0  0  3  A
 5.352214818  0  0  0  A
 5.369584333  0  0  1  A
 5.369586337  0  0  2  A
 5.397054204  0  0  3  A
 5.397056156  0  0  0  A
 5.443890793  0  0  1  A
 5.443892794  0  0  2  A
 5.471533914  0  0  3  A
 5.471535911  0  0  0  A
 5.521375808  0  0  1  A
 5.521378356  0  0  2  A
 5.568618817  0  0  3  A
 5.568621105  0  0  0  A
 5.585044609  0  0  1  A
 5.585046975  0  0  2  A
 5.606697831  0  0  3  A
 5.606700014  0  0  0  A
-1  2  2  4 LOCAL_SECTION;ENTRY_PROTOCOL;CRITICAL_SECTION;EXIT_PROTOCOL;EXTRA_LABEL;
