-1 30 10 10
0.047653 24 6 1 4
0.068585 24 6 0 4
0.112652 24 5 0 4
0.167187 24 5 9 4
0.191120 24 4 9 4
0.272987 24 10 10 4
0.000204 4 7 0 E
0.015314 4 7 9 E
0.036586 4 8 9 E
0.055350 4 8 8 E
0.099654 4 7 8 E
0.139458 4 7 7 E
0.170741 4 8 7 E
0.196495 4 8 6 E
0.224858 4 9 6 E
0.265055 4 0 6 E
0.300330 4 1 6 E
0.314043 4 0 6 E
0.000212 15 5 1 P
0.010950 15 4 1 P
0.032078 15 4 2 P
0.076249 15 4 1 P
0.110472 15 4 2 P
0.123345 15 5 2 P
0.170752 15 5 1 P
0.210394 15 5 2 P
0.231400 15 6 2 P
0.278003 15 5 2 P
0.324029 15 4 2 P
0.355345 15 3 2 P
0.397155 15 4 2 P
0.440182 15 3 2 P
0.453433 15 2 2 P
0.469134 15 1 2 P
0.515376 15 1 3 P
0.546289 15 1 2 P
0.570470 15 1 3 P
0.000214 16 1 3 Q
0.045272 16 2 3 Q
0.065099 16 2 4 Q
0.092312 16 2 5 Q
0.137207 16 1 5 Q
0.149423 16 2 5 Q
0.189091 16 3 5 Q
0.199859 16 2 5 Q
0.236553 16 3 5 Q
0.266253 16 4 5 Q
0.311776 16 3 5 Q
0.328263 16 2 5 Q
0.366680 16 2 4 Q
0.392654 16 3 4 Q
0.426286 16 2 4 Q
0.445597 16 3 4 Q
0.468028 16 2 4 Q
0.482619 16 3 4 Q
0.506206 16 2 4 Q
0.556223 16 3 4 Q
0.590543 16 4 4 Q
0.000209 11 7 2 L
0.031006 11 7 1 L
0.068587 11 6 1 L
0.112654 11 6 0 L
0.134029 11 6 1 L
0.177291 11 6 2 L
0.211519 11 7 2 L
0.237705 11 7 1 L
0.268480 11 7 2 L
0.312882 11 7 1 L
0.347300 11 7 2 L
0.368929 11 7 1 L
0.409751 11 8 1 L
0.437560 11 7 1 L
0.481439 11 6 1 L
0.528582 11 7 1 L
0.568291 11 7 2 L
0.585895 11 8 2 L
0.613271 11 8 1 L
0.663172 11 8 0 L
0.695251 11 9 0 L
0.727554 11 9 9 L
0.017529 28 6 9 8
0.041924 28 6 8 8
0.060868 28 6 7 8
0.416376 28 6 8 8
0.793502 28 10 10 8
0.004620 23 9 6 3
0.047745 23 9 5 3
0.079658 23 9 6 3
0.224857 23 9 5 3
0.248528 23 8 5 3
0.397179 23 8 4 3
0.446975 23 8 3 3
0.455715 23 8 2 3
0.492993 23 8 1 3
0.613265 23 8 0 3
0.663166 23 8 9 3
0.718401 23 8 8 3
0.757352 23 8 7 3
0.840063 23 10 10 3
0.000205 6 3 1 G
0.032081 6 3 2 G
0.058816 6 2 2 G
0.106161 6 2 1 G
0.119063 6 3 1 G
0.150500 6 4 1 G
0.168329 6 4 2 G
0.219100 6 4 3 G
0.259386 6 5 3 G
0.281778 6 5 4 G
0.304967 6 5 5 G
0.335130 6 6 5 G
0.350753 6 7 5 G
0.386897 6 7 4 G
0.398196 6 7 3 G
0.416341 6 8 3 G
0.438999 6 9 3 G
0.455721 6 8 3 G
0.492999 6 8 2 G
0.504186 6 9 2 G
0.548619 6 0 2 G
0.588042 6 1 2 G
0.603986 6 0 2 G
0.618875 6 0 3 G
0.634318 6 0 4 G
0.675382 6 0 5 G
0.698876 6 0 4 G
0.724112 6 9 4 G
0.744282 6 0 4 G
0.766821 6 0 5 G
0.804442 6 0 4 G
0.843831 6 0 3 G
0.874483 6 9 3 G
0.885909 6 8 3 G
0.907899 6 8 2 G
0.008767 27 5 9 7
0.013054 27 5 8 7
0.160837 27 5 7 7
0.286184 27 5 6 7
0.320608 27 4 6 7
0.721712 27 4 5 7
0.766840 27 3 5 7
0.792424 27 3 4 7
1.156285 27 3 3 7
1.438591 27 10 10 7
0.000207 9 5 0 J
0.013056 9 5 9 J
0.041925 9 6 9 J
0.060869 9 6 8 J
0.088919 9 6 9 J
0.127576 9 5 9 J
0.160845 9 5 8 J
0.191121 9 5 9 J
0.238877 9 6 9 J
0.249692 9 5 9 J
0.286126 9 4 9 J
0.315226 9 3 9 J
0.338297 9 3 0 J
0.371186 9 4 0 J
0.411027 9 4 1 J
0.443552 9 4 2 J
0.463645 9 3 2 J
0.485147 9 4 2 J
0.512022 9 5 2 J
0.561801 9 6 2 J
0.589401 9 6 1 J
0.610992 9 7 1 J
0.657442 9 7 0 J
0.669727 9 7 9 J
0.718406 9 8 9 J
0.772558 9 7 9 J
0.785964 9 6 9 J
0.812457 9 6 8 J
0.851814 9 7 8 J
0.891224 9 6 8 J
0.915929 9 5 8 J
0.928654 9 6 8 J
0.971652 9 5 8 J
1.017963 9 5 9 J
1.030894 9 5 0 J
1.069511 9 4 0 J
1.103757 9 4 1 J
1.118398 9 5 1 J
1.151593 9 5 2 J
1.196790 9 5 3 J
1.208421 9 5 4 J
1.255356 9 6 4 J
1.274572 9 6 5 J
1.323438 9 6 6 J
1.350533 9 6 7 J
1.386442 9 7 7 J
1.411335 9 7 8 J
1.446537 9 7 7 J
0.024634 22 7 3 2
0.091120 22 7 2 2
0.211518 22 7 1 2
0.237704 22 7 0 2
0.248583 22 7 9 2
0.299245 22 7 8 2
0.381131 22 7 7 2
0.462404 22 7 6 2
0.476691 22 6 6 2
0.934307 22 5 6 2
1.027555 22 5 5 2
1.178408 22 5 4 2
1.208416 22 6 4 2
1.255349 22 6 3 2
1.413510 22 6 2 2
1.518458 22 10 10 2
0.000194 1 8 5 B
0.015321 1 7 5 B
0.065223 1 7 4 B
0.091121 1 7 3 B
0.130739 1 7 4 B
0.167210 1 8 4 B
0.189086 1 8 5 B
0.228213 1 8 4 B
0.256141 1 8 3 B
0.273150 1 9 3 B
0.290548 1 9 2 B
0.311691 1 8 2 B
0.352992 1 9 2 B
0.372488 1 0 2 B
0.397112 1 0 1 B
0.434286 1 1 1 B
0.446914 1 2 1 B
0.471392 1 2 0 B
0.510908 1 2 9 B
0.557392 1 1 9 B
0.595762 1 1 0 B
0.643047 1 0 0 B
0.666329 1 1 0 B
0.694109 1 0 0 B
0.744296 1 1 0 B
0.791335 1 2 0 B
0.819412 1 2 1 B
0.856230 1 1 1 B
0.891248 1 1 0 B
0.918239 1 0 0 B
0.935457 1 0 1 B
0.985023 1 1 1 B
1.010884 1 1 2 B
1.046554 1 2 2 B
1.064289 1 2 3 B
1.088042 1 2 2 B
1.104709 1 2 3 B
1.118493 1 2 4 B
1.156294 1 3 4 B
1.173710 1 3 5 B
1.208430 1 2 5 B
1.237306 1 2 6 B
1.257512 1 3 6 B
1.275612 1 3 5 B
1.295364 1 2 5 B
1.333044 1 3 5 B
1.360322 1 3 6 B
1.402375 1 3 7 B
1.415738 1 4 7 B
1.463343 1 3 7 B
1.504906 1 2 7 B
1.539355 1 2 6 B
1.567289 1 2 5 B
1.600945 1 1 5 B
1.614944 1 0 5 B
1.639439 1 9 5 B
1.655233 1 0 5 B
1.697275 1 0 4 B
1.741844 1 9 4 B
0.000217 19 2 2 T
0.051956 19 1 2 T
0.068514 19 1 1 T
0.114809 19 1 0 T
0.144858 19 1 9 T
0.180603 19 2 9 T
0.214921 19 3 9 T
0.239027 19 3 8 T
0.265067 19 2 8 T
0.296001 19 1 8 T
0.310601 19 2 8 T
0.357672 19 3 8 T
0.395981 19 2 8 T
0.427431 19 2 7 T
0.442268 19 1 7 T
0.455582 19 2 7 T
0.499535 19 2 8 T
0.544999 19 3 8 T
0.585767 19 3 7 T
0.607597 19 2 7 T
0.649498 19 2 6 T
0.673091 19 2 7 T
0.686188 19 2 6 T
0.702194 19 3 6 T
0.721717 19 4 6 T
0.766845 19 4 5 T
0.792429 19 3 5 T
0.812448 19 3 6 T
0.860593 19 2 6 T
0.894583 19 2 7 T
0.939767 19 2 6 T
0.981723 19 2 7 T
1.003329 19 2 8 T
1.026429 19 1 8 T
1.069499 19 1 7 T
1.093346 19 1 8 T
1.125930 19 2 8 T
1.175019 19 3 8 T
1.215196 19 4 8 T
1.257636 19 4 9 T
1.301426 19 3 9 T
1.345136 19 4 9 T
1.356998 19 4 0 T
1.371279 19 5 0 T
1.416898 19 6 0 T
1.441033 19 6 1 T
1.457784 19 7 1 T
1.498258 19 6 1 T
1.544668 19 6 2 T
1.583703 19 5 2 T
1.611770 19 4 2 T
1.630723 19 5 2 T
1.659899 19 5 1 T
1.671524 19 6 1 T
1.699360 19 5 1 T
1.716942 19 5 0 T
1.765077 19 5 9 T
1.814213 19 5 8 T
0.000211 14 3 9 O
0.038799 14 3 0 O
0.085783 14 2 0 O
0.101816 14 3 0 O
0.148338 14 4 0 O
0.167199 14 5 0 O
0.197656 14 6 0 O
0.248591 14 7 0 O
0.260487 14 6 0 O
0.272928 14 7 0 O
0.294898 14 6 0 O
0.307366 14 5 0 O
0.342802 14 5 1 O
0.386984 14 5 0 O
0.415255 14 6 0 O
0.443441 14 6 1 O
0.461488 14 5 1 O
0.509612 14 4 1 O
0.529743 14 5 1 O
0.570597 14 6 1 O
0.588032 14 6 0 O
0.626268 14 6 1 O
0.673160 14 5 1 O
0.698970 14 5 0 O
0.722933 14 5 9 O
0.745388 14 5 0 O
0.773732 14 6 0 O
0.812464 14 7 0 O
0.838972 14 8 0 O
0.886032 14 8 1 O
0.917255 14 9 1 O
0.946123 14 9 0 O
0.990556 14 9 1 O
1.017893 14 9 2 O
1.032170 14 9 3 O
1.063055 14 9 4 O
1.101357 14 0 4 O
1.136714 14 0 3 O
1.165069 14 0 2 O
1.200028 14 9 2 O
1.216282 14 0 2 O
1.228479 14 0 1 O
1.270217 14 0 2 O
1.312547 14 0 1 O
1.340731 14 0 2 O
1.387600 14 0 1 O
1.426135 14 1 1 O
1.446527 14 2 1 O
1.472438 14 3 1 O
1.493768 14 3 0 O
1.505900 14 2 0 O
1.525015 14 3 0 O
1.548951 14 4 0 O
1.583602 14 3 0 O
1.618208 14 3 9 O
1.655230 14 4 9 O
1.695952 14 4 8 O
1.716910 14 4 7 O
1.762679 14 4 8 O
1.798735 14 4 9 O
1.848549 14 4 8 O
0.000211 13 0 5 N
0.013057 13 0 6 N
0.047746 13 9 6 N
0.066173 13 8 6 N
0.096456 13 8 7 N
0.120119 13 7 7 N
0.138382 13 7 6 N
0.171838 13 6 6 N
0.195398 13 6 5 N
0.227033 13 6 4 N
0.255147 13 6 3 N
0.282797 13 6 4 N
0.319521 13 6 3 N
0.331591 13 6 4 N
0.363354 13 6 3 N
0.397167 13 6 4 N
0.437740 13 7 4 N
0.460148 13 7 5 N
0.476699 13 7 6 N
0.493078 13 7 5 N
0.541542 13 7 4 N
0.577966 13 7 5 N
0.617779 13 7 4 N
0.640906 13 6 4 N
0.670999 13 6 3 N
0.718377 13 6 4 N
0.759584 13 6 5 N
0.771344 13 6 4 N
0.811275 13 6 3 N
0.843930 13 6 4 N
0.859307 13 6 5 N
0.883575 13 6 4 N
0.922059 13 6 3 N
0.948438 13 6 4 N
0.989473 13 7 4 N
1.004489 13 7 3 N
1.026332 13 8 3 N
1.056392 13 8 4 N
1.078556 13 8 3 N
1.108290 13 7 3 N
1.151582 13 7 4 N
1.189328 13 7 3 N
1.217572 13 6 3 N
1.236058 13 6 2 N
1.278729 13 7 2 N
1.290917 13 7 1 N
1.335215 13 7 2 N
1.367978 13 7 3 N
1.413515 13 6 3 N
1.433328 13 7 3 N
1.464429 13 7 4 N
1.498368 13 7 5 N
1.535691 13 6 5 N
1.553110 13 5 5 N
1.570661 13 4 5 N
1.589123 13 3 5 N
1.627585 13 3 6 N
1.668289 13 2 6 N
1.689359 13 2 7 N
1.719105 13 3 7 N
1.769499 13 2 7 N
1.802026 13 3 7 N
1.824366 13 2 7 N
1.869360 13 3 7 N
1.884044 13 2 7 N
1.912357 13 3 7 N
1.928110 13 3 6 N
1.947152 13 4 6 N
1.966884 13 5 6 N
2.001215 13 5 5 N
0.000206 7 0 3 H
0.014212 7 9 3 H
0.043066 7 9 4 H
0.079660 7 9 5 H
0.120122 7 8 5 H
0.159647 7 7 5 H
0.174017 7 6 5 H
0.189190 7 7 5 H
0.237776 7 6 5 H
0.250832 7 6 6 H
0.262784 7 7 6 H
0.274458 7 7 7 H
0.320622 7 7 6 H
0.361038 7 7 7 H
0.376917 7 7 6 H
0.418538 7 8 6 H
0.461312 7 9 6 H
0.479102 7 9 5 H
0.494152 7 0 5 H
0.532060 7 9 5 H
0.567137 7 0 5 H
0.586861 7 1 5 H
0.615534 7 1 6 H
0.661959 7 1 7 H
0.696437 7 0 7 H
0.728609 7 0 8 H
0.744307 7 9 8 H
0.757356 7 8 8 H
0.774895 7 7 8 H
0.801227 7 7 9 H
0.815908 7 6 9 H
0.829265 7 7 9 H
0.843940 7 6 9 H
0.871236 7 6 0 H
0.921967 7 7 0 H
0.963844 7 6 0 H
0.986284 7 7 0 H
1.014460 7 6 0 H
1.037883 7 7 0 H
1.050905 7 7 1 H
1.095680 7 7 0 H
1.121662 7 6 0 H
1.167312 7 6 1 H
1.191381 7 6 2 H
1.231588 7 7 2 H
1.269058 7 7 3 H
1.295265 7 8 3 H
1.329887 7 9 3 H
1.354646 7 9 4 H
1.365657 7 9 3 H
1.399933 7 9 2 H
1.421545 7 0 2 H
1.453359 7 0 1 H
1.479847 7 9 1 H
1.525036 7 9 0 H
1.570586 7 0 0 H
1.592456 7 0 9 H
1.614956 7 0 0 H
1.657384 7 0 1 H
1.689271 7 1 1 H
1.717019 7 0 1 H
1.759263 7 0 0 H
1.809570 7 0 9 H
1.850999 7 0 8 H
1.864175 7 0 7 H
1.898821 7 1 7 H
1.912137 7 1 8 H
1.948359 7 0 8 H
1.968116 7 1 8 H
2.007908 7 0 8 H
2.048916 7 1 8 H
2.095965 7 1 9 H
0.000201 2 4 6 C
0.034324 2 4 5 C
0.060864 2 4 4 C
0.075087 2 4 5 C
0.108167 2 4 4 C
0.137306 2 5 4 C
0.177302 2 5 5 C
0.195403 2 4 5 C
0.239934 2 4 6 C
0.254013 2 3 6 C
0.272917 2 2 6 C
0.307401 2 2 7 C
0.356487 2 2 6 C
0.382394 2 2 5 C
0.428513 2 2 6 C
0.456864 2 1 6 C
0.491844 2 1 5 C
0.504101 2 2 5 C
0.521091 2 1 5 C
0.569499 2 2 5 C
0.592604 2 3 5 C
0.614453 2 4 5 C
0.630848 2 3 5 C
0.657385 2 3 4 C
0.690692 2 3 3 C
0.713065 2 2 3 C
0.749766 2 2 2 C
0.777318 2 1 2 C
0.792413 2 2 2 C
0.828016 2 1 2 C
0.841385 2 0 2 C
0.881414 2 1 2 C
0.902115 2 1 1 C
0.931039 2 1 0 C
0.975026 2 2 0 C
1.016702 2 3 0 C
1.034488 2 3 9 C
1.078601 2 2 9 C
1.093334 2 3 9 C
1.127309 2 4 9 C
1.176118 2 4 0 C
1.191297 2 5 0 C
1.231675 2 5 9 C
1.262276 2 6 9 C
1.286399 2 6 8 C
1.305884 2 7 8 C
1.336383 2 6 8 C
1.381206 2 6 9 C
1.407844 2 5 9 C
1.432243 2 5 0 C
1.469030 2 6 0 C
1.509068 2 7 0 C
1.542427 2 8 0 C
1.579214 2 8 9 C
1.598945 2 7 9 C
1.648959 2 6 9 C
1.659813 2 6 8 C
1.690463 2 7 8 C
1.716928 2 8 8 C
1.749293 2 8 9 C
1.760450 2 8 8 C
1.772880 2 8 9 C
1.791072 2 8 0 C
1.805215 2 9 0 C
1.825574 2 0 0 C
1.847329 2 1 0 C
1.881657 2 1 9 C
1.893337 2 0 9 C
1.942561 2 1 9 C
1.980925 2 1 0 C
2.022307 2 1 1 C
2.041061 2 1 2 C
2.055522 2 2 2 C
2.070368 2 1 2 C
2.104472 2 2 2 C
2.125375 2 3 2 C
2.137469 2 2 2 C
2.148964 2 3 2 C
0.000210 12 9 4 M
0.027811 12 0 4 M
0.070766 12 0 3 M
0.106175 12 0 4 M
0.148258 12 0 5 M
0.170681 12 0 6 M
0.194264 12 0 5 M
0.228248 12 0 4 M
0.256209 12 0 5 M
0.306284 12 1 5 M
0.351912 12 0 5 M
0.385699 12 9 5 M
0.397183 12 8 5 M
0.440271 12 9 5 M
0.461393 12 9 4 M
0.490611 12 9 3 M
0.530957 12 0 3 M
0.550956 12 0 4 M
0.583285 12 1 4 M
0.594669 12 0 4 M
0.634291 12 1 4 M
0.658683 12 2 4 M
0.695262 12 2 5 M
0.707571 12 2 6 M
0.733946 12 2 5 M
0.780506 12 2 6 M
0.799071 12 1 6 M
0.846224 12 1 5 M
0.890065 12 2 5 M
0.924352 12 1 5 M
0.955216 12 2 5 M
0.971623 12 1 5 M
1.012015 12 1 4 M
1.047549 12 0 4 M
1.079640 12 0 5 M
1.129366 12 1 5 M
1.153979 12 0 5 M
1.183245 12 1 5 M
1.206158 12 1 6 M
1.238474 12 1 7 M
1.260971 12 0 7 M
1.310380 12 9 7 M
1.343887 12 0 7 M
1.391290 12 1 7 M
1.438586 12 2 7 M
1.489426 12 2 8 M
1.500548 12 1 8 M
1.529507 12 2 8 M
1.548942 12 2 7 M
1.562592 12 1 7 M
1.580363 12 1 6 M
1.627471 12 1 7 M
1.659725 12 1 6 M
1.683858 12 1 5 M
1.698275 12 0 5 M
1.730575 12 9 5 M
1.758141 12 0 5 M
1.794361 12 0 4 M
1.818733 12 0 5 M
1.857475 12 1 5 M
1.877219 12 1 4 M
1.893326 12 0 4 M
1.912125 12 1 4 M
1.945964 12 1 5 M
1.974353 12 2 5 M
2.025545 12 2 4 M
2.057756 12 2 3 M
2.083707 12 2 4 M
2.110378 12 2 3 M
2.139626 12 2 4 M
2.175545 12 1 4 M
0.000208 10 9 8 K
0.032080 10 9 7 K
0.054329 10 0 7 K
0.068433 10 9 7 K
0.112715 10 9 8 K
0.131830 10 9 9 K
0.150587 10 9 8 K
0.183682 10 8 8 K
0.208111 10 9 8 K
0.221437 10 9 9 K
0.265090 10 8 9 K
0.299250 10 7 9 K
0.329437 10 7 0 K
0.366707 10 7 9 K
0.381136 10 7 8 K
0.415244 10 8 8 K
0.452262 10 8 7 K
0.489499 10 9 7 K
0.522183 10 0 7 K
0.567128 10 1 7 K
0.613346 10 1 8 K
0.655009 10 0 8 K
0.670887 10 1 8 K
0.688388 10 0 8 K
0.727353 10 1 8 K
0.773647 10 2 8 K
0.814767 10 2 7 K
0.849555 10 1 7 K
0.875587 10 1 8 K
0.912175 10 1 7 K
0.932141 10 1 8 K
0.978324 10 1 7 K
1.010936 10 2 7 K
1.035571 10 1 7 K
1.058656 10 0 7 K
1.101460 10 1 7 K
1.141086 10 1 8 K
1.183467 10 2 8 K
1.210782 10 2 9 K
1.251932 10 1 9 K
1.274525 10 0 9 K
1.322340 10 0 8 K
1.340651 10 0 9 K
1.360400 10 1 9 K
1.404437 10 1 8 K
1.451004 10 1 9 K
1.492659 10 2 9 K
1.539418 10 2 0 K
1.563741 10 2 9 K
1.578198 10 1 9 K
1.590293 10 1 0 K
1.634012 10 1 1 K
1.663057 10 2 1 K
1.688029 10 2 0 K
1.715659 10 1 0 K
1.732982 10 2 0 K
1.782491 10 2 1 K
1.817637 10 3 1 K
1.836756 10 2 1 K
1.869432 10 1 1 K
1.907672 10 1 0 K
1.945888 10 0 0 K
1.975448 10 0 9 K
2.006676 10 1 9 K
2.050286 10 2 9 K
2.084964 10 2 8 K
2.119011 10 2 9 K
2.152596 10 2 8 K
2.189572 10 2 7 K
2.228242 10 2 6 K
2.266063 10 3 6 K
2.314028 10 4 6 K
0.000216 18 6 8 S
0.033231 18 6 7 S
0.044180 18 6 6 S
0.078552 18 7 6 S
0.113733 18 8 6 S
0.163973 18 8 5 S
0.189010 18 9 5 S
0.213859 18 9 4 S
0.248531 18 9 5 S
0.265078 18 9 6 S
0.299322 18 9 7 S
0.337214 18 0 7 S
0.385711 18 1 7 S
0.433194 18 0 7 S
0.477999 18 0 8 S
0.503987 18 9 8 S
0.546356 18 0 8 S
0.590367 18 0 7 S
0.629761 18 9 7 S
0.677649 18 8 7 S
0.697617 18 9 7 S
0.744269 18 9 6 S
0.776228 18 9 5 S
0.818258 18 8 5 S
0.844033 18 8 4 S
0.893612 18 9 4 S
0.940866 18 0 4 S
0.978321 18 9 4 S
0.992934 18 9 5 S
1.005569 18 8 5 S
1.050915 18 7 5 S
1.094431 18 7 4 S
1.120553 18 8 4 S
1.146270 18 9 4 S
1.171560 18 8 4 S
1.189236 18 8 3 S
1.210789 18 8 4 S
1.247581 18 8 3 S
1.288686 18 8 4 S
1.336370 18 7 4 S
1.349418 18 8 4 S
1.375617 18 8 3 S
1.405520 18 9 3 S
1.423739 18 0 3 S
1.448760 18 9 3 S
1.469128 18 9 2 S
1.492759 18 0 2 S
1.520685 18 9 2 S
1.571692 18 9 1 S
1.591381 18 9 2 S
1.635167 18 0 2 S
1.684915 18 1 2 S
1.712316 18 0 2 S
1.758186 18 9 2 S
1.775181 18 9 3 S
1.821969 18 8 3 S
1.848671 18 8 4 S
1.893423 18 8 5 S
1.928119 18 7 5 S
1.950522 18 7 6 S
2.001259 18 7 5 S
2.026805 18 7 6 S
2.049003 18 6 6 S
2.089525 18 6 7 S
2.103389 18 6 6 S
2.115898 18 6 5 S
2.150099 18 6 4 S
2.190721 18 5 4 S
2.239827 18 5 3 S
2.267146 18 4 3 S
2.317363 18 3 3 S
2.335539 18 2 3 S
2.348224 18 3 3 S
2.370188 18 2 3 S
2.415302 18 3 3 S
2.460325 18 2 3 S
0.000215 17 4 4 R
0.035481 17 3 4 R
0.067325 17 3 3 R
0.078479 17 2 3 R
0.109338 17 2 4 R
0.127578 17 3 4 R
0.138459 17 3 3 R
0.165028 17 3 4 R
0.180533 17 3 3 R
0.228206 17 2 3 R
0.249682 17 2 2 R
0.276617 17 2 1 R
0.312867 17 1 1 R
0.349477 17 2 1 R
0.391438 17 2 2 R
0.433234 17 2 3 R
0.480349 17 3 3 R
0.494068 17 4 3 R
0.518835 17 4 2 R
0.530941 17 4 1 R
0.570587 17 3 1 R
0.621031 17 2 1 R
0.667572 17 2 2 R
0.708819 17 2 1 R
0.749685 17 1 1 R
0.799075 17 0 1 R
0.833619 17 0 0 R
0.863768 17 1 0 R
0.878834 17 2 0 R
0.919551 17 3 0 R
0.960536 17 3 9 R
0.973889 17 4 9 R
1.016798 17 4 8 R
1.034579 17 3 8 R
1.056378 17 2 8 R
1.107031 17 2 9 R
1.152772 17 3 9 R
1.190308 17 3 0 R
1.238393 17 2 0 R
1.279911 17 2 9 R
1.308057 17 2 0 R
1.355752 17 2 9 R
1.376804 17 3 9 R
1.388686 17 3 0 R
1.409187 17 2 0 R
1.456616 17 1 0 R
1.496026 17 0 0 R
1.539186 17 0 9 R
1.590381 17 1 9 R
1.618172 17 2 9 R
1.633947 17 2 0 R
1.645805 17 3 0 R
1.668365 17 3 1 R
1.682761 17 4 1 R
1.706007 17 4 0 R
1.729472 17 4 1 R
1.749169 17 4 0 R
1.771713 17 4 1 R
1.811821 17 4 2 R
1.828184 17 3 2 R
1.878300 17 3 3 R
1.924591 17 4 3 R
1.966901 17 3 3 R
1.989804 17 3 4 R
2.018802 17 3 5 R
2.061934 17 4 5 R
2.113611 17 4 6 R
2.151237 17 3 6 R
2.187416 17 4 6 R
2.205589 17 4 5 R
2.232423 17 3 5 R
2.251522 17 2 5 R
2.285188 17 3 5 R
2.322939 17 3 6 R
2.349305 17 2 6 R
2.391080 17 1 6 R
2.414216 17 1 5 R
2.430944 17 0 5 R
2.469948 17 0 4 R
2.502024 17 0 5 R
2.514946 17 9 5 R
2.565133 17 0 5 R
2.607607 17 1 5 R
2.629810 17 0 5 R
2.669728 17 0 4 R
0.000204 5 3 7 F
0.028894 5 3 6 F
0.044149 5 4 6 F
0.071891 5 5 6 F
0.085929 5 4 6 F
0.132966 5 4 5 F
0.160730 5 4 6 F
0.209291 5 5 6 F
0.257223 5 4 6 F
0.290642 5 4 7 F
0.335022 5 5 7 F
0.350636 5 5 6 F
0.381114 5 6 6 F
0.416382 5 6 7 F
0.462409 5 7 7 F
0.483926 5 7 8 F
0.495135 5 7 7 F
0.509601 5 7 6 F
0.558558 5 8 6 F
0.605222 5 7 6 F
0.654915 5 7 5 F
0.695332 5 7 4 F
0.720532 5 7 3 F
0.756191 5 7 4 F
0.773656 5 7 5 F
0.817163 5 7 6 F
0.841285 5 7 7 F
0.867052 5 7 6 F
0.896817 5 7 5 F
0.922047 5 6 5 F
0.934312 5 6 6 F
0.965015 5 6 7 F
1.013301 5 6 6 F
1.027561 5 5 6 F
1.040049 5 6 6 F
1.070634 5 6 5 F
1.114777 5 7 5 F
1.156253 5 6 5 F
1.178414 5 5 5 F
1.214074 5 6 5 F
1.262286 5 6 6 F
1.285308 5 7 6 F
1.322508 5 7 5 F
1.350400 5 8 5 F
1.390057 5 8 4 F
1.423760 5 8 3 F
1.464551 5 7 3 F
1.503714 5 6 3 F
1.542442 5 5 3 F
1.566143 5 5 2 F
1.578122 5 5 1 F
1.627566 5 6 1 F
1.661890 5 6 2 F
1.695948 5 5 2 F
1.738598 5 5 1 F
1.786834 5 5 2 F
1.831553 5 5 1 F
1.873921 5 4 1 F
1.902194 5 4 0 F
1.947234 5 5 0 F
1.982180 5 5 1 F
2.021067 5 5 2 F
2.064114 5 6 2 F
2.089637 5 6 1 F
2.101225 5 5 1 F
2.133124 5 6 1 F
2.151322 5 6 0 F
2.170012 5 5 0 F
2.196026 5 6 0 F
2.246183 5 6 1 F
2.261858 5 6 0 F
2.302756 5 5 0 F
2.337948 5 4 0 F
2.378476 5 4 1 F
2.400252 5 4 0 F
2.441123 5 5 0 F
2.468634 5 5 9 F
2.479235 5 5 0 F
2.497606 5 4 0 F
2.547537 5 5 0 F
2.594963 5 6 0 F
2.626334 5 6 9 F
2.637427 5 6 0 F
2.681234 5 5 0 F
2.710554 5 4 0 F
0.000207 8 2 6 I
0.036574 8 2 7 I
0.054264 8 3 7 I
0.092302 8 4 7 I
0.141602 8 4 8 I
0.179395 8 4 7 I
0.200988 8 3 7 I
0.244057 8 4 7 I
0.286189 8 5 7 I
0.320613 8 5 6 I
0.339378 8 5 5 I
0.354253 8 6 5 I
0.390253 8 5 5 I
0.430658 8 5 6 I
0.461560 8 6 6 I
0.475574 8 6 7 I
0.489423 8 5 7 I
0.503998 8 5 8 I
0.548631 8 5 7 I
0.589283 8 5 6 I
0.637486 8 5 7 I
0.681011 8 5 8 I
0.727343 8 5 7 I
0.753919 8 5 6 I
0.770262 8 5 5 I
0.814661 8 5 6 I
0.849492 8 5 7 I
0.893719 8 6 7 I
0.905440 8 5 7 I
0.930964 8 6 7 I
0.955165 8 5 7 I
0.976162 8 4 7 I
1.003358 8 5 7 I
1.026522 8 4 7 I
1.072894 8 4 6 I
1.088055 8 4 7 I
1.102460 8 4 6 I
1.130454 8 4 7 I
1.158498 8 4 8 I
1.177197 8 4 9 I
1.223064 8 3 9 I
1.258645 8 2 9 I
1.271297 8 2 8 I
1.294099 8 3 8 I
1.323434 8 4 8 I
1.360311 8 3 8 I
1.389934 8 2 8 I
1.422662 8 2 9 I
1.457793 8 3 9 I
1.476723 8 3 8 I
1.520694 8 4 8 I
1.541333 8 5 8 I
1.567284 8 5 7 I
1.605461 8 5 6 I
1.642656 8 6 6 I
1.657459 8 6 5 I
1.701560 8 5 5 I
1.738454 8 6 5 I
1.775222 8 7 5 I
1.791062 8 7 6 I
1.829290 8 8 6 I
1.859982 8 7 6 I
1.882935 8 7 5 I
1.895517 8 7 4 I
1.926813 8 6 4 I
1.955992 8 6 3 I
1.966815 8 6 4 I
2.012433 8 6 3 I
2.041159 8 7 3 I
2.088294 8 7 2 I
2.126468 8 7 1 I
2.153748 8 8 1 I
2.182130 8 8 0 I
2.217952 8 8 1 I
2.233507 8 7 1 I
2.281826 8 7 2 I
2.318380 8 6 2 I
2.340053 8 6 1 I
2.351553 8 5 1 I
2.390087 8 6 1 I
2.409566 8 7 1 I
2.457960 8 6 1 I
2.482618 8 5 1 I
2.520225 8 6 1 I
2.567351 8 6 2 I
2.617133 8 6 3 I
2.650006 8 6 2 I
2.679072 8 6 1 I
2.704025 8 6 2 I
2.734225 8 7 2 I
2.753976 8 6 2 I
2.789625 8 7 2 I
2.826560 8 7 3 I
0.000203 3 2 9 D
0.014209 3 2 8 D
0.027803 3 1 8 D
0.046440 3 2 8 D
0.089978 3 2 9 D
0.116936 3 2 0 D
0.148335 3 2 9 D
0.159681 3 2 8 D
0.185830 3 3 8 D
0.213786 3 4 8 D
0.260479 3 5 8 D
0.303690 3 5 9 D
0.341520 3 4 9 D
0.385588 3 5 9 D
0.405440 3 4 9 D
0.420844 3 5 9 D
0.470296 3 6 9 D
0.520080 3 6 0 D
0.555138 3 5 0 D
0.592508 3 4 0 D
0.606341 3 4 1 D
0.634299 3 4 0 D
0.650657 3 5 0 D
0.669823 3 5 9 D
0.708829 3 4 9 D
0.733868 3 4 0 D
0.754010 3 3 0 D
0.795754 3 4 0 D
0.821642 3 5 0 D
0.856134 3 4 0 D
0.902106 3 5 0 D
0.940965 3 4 0 D
0.966184 3 3 0 D
1.015744 3 3 1 D
1.054184 3 2 1 D
1.075060 3 1 1 D
1.097997 3 1 2 D
1.110470 3 2 2 D
1.153876 3 1 2 D
1.192381 3 1 1 D
1.236045 3 2 1 D
1.254348 3 2 2 D
1.303669 3 1 2 D
1.319018 3 2 2 D
1.345146 3 3 2 D
1.357010 3 3 1 D
1.402265 3 3 2 D
1.452114 3 3 1 D
1.466584 3 3 0 D
1.483988 3 3 9 D
1.513239 3 4 9 D
1.562642 3 3 9 D
1.585887 3 3 8 D
1.603305 3 2 8 D
1.619287 3 1 8 D
1.659804 3 1 9 D
1.703780 3 2 9 D
1.737300 3 2 8 D
1.768317 3 1 8 D
1.805205 3 1 9 D
1.854284 3 0 9 D
1.872603 3 0 0 D
1.884035 3 0 1 D
1.898805 3 0 2 D
1.922429 3 0 1 D
1.952671 3 0 2 D
1.966915 3 0 1 D
2.009036 3 0 2 D
2.044390 3 0 1 D
2.088408 3 1 1 D
2.128867 3 1 0 D
2.172189 3 2 0 D
2.203488 3 2 1 D
2.251450 3 1 1 D
2.281730 3 1 2 D
2.324204 3 2 2 D
2.370114 3 2 1 D
2.389977 3 2 2 D
2.420505 3 2 1 D
2.442298 3 1 1 D
2.492289 3 2 1 D
2.511557 3 1 1 D
2.551740 3 2 1 D
2.602208 3 2 0 D
2.631015 3 3 0 D
2.648717 3 3 1 D
2.690676 3 3 0 D
2.720799 3 3 9 D
2.765474 3 3 0 D
2.798095 3 2 0 D
2.831120 3 3 0 D
2.852385 3 3 9 D
2.876055 3 3 0 D
2.901228 3 3 1 D
2.917867 3 4 1 D
2.928584 3 3 1 D
0.000152 0 1 2 A
0.046500 0 1 3 A
0.075085 0 1 2 A
0.107092 0 2 2 A
0.145991 0 2 3 A
0.183764 0 1 3 A
0.222638 0 0 3 A
0.238956 0 1 3 A
0.278178 0 1 4 A
0.311682 0 1 3 A
0.346044 0 1 4 A
0.386925 0 0 4 A
0.431961 0 9 4 A
0.446985 0 8 4 A
0.476703 0 7 4 A
0.499524 0 8 4 A
0.543834 0 9 4 A
0.584485 0 9 3 A
0.628583 0 9 2 A
0.644240 0 8 2 A
0.677638 0 8 1 A
0.706482 0 9 1 A
0.745422 0 0 1 A
0.756184 0 0 0 A
0.774969 0 9 0 A
0.808936 0 0 0 A
0.831466 0 9 0 A
0.861605 0 9 1 A
0.880066 0 9 2 A
0.891232 0 9 3 A
0.934460 0 9 2 A
0.948467 0 9 3 A
0.981710 0 8 3 A
1.018979 0 9 3 A
1.031011 0 0 3 A
1.077474 0 9 3 A
1.103736 0 9 4 A
1.139903 0 9 3 A
1.163975 0 9 2 A
1.178283 0 9 1 A
1.228393 0 9 0 A
1.263540 0 8 0 A
1.308140 0 8 9 A
1.327626 0 8 8 A
1.341734 0 9 8 A
1.355742 0 9 7 A
1.377915 0 9 6 A
1.393584 0 9 5 A
1.442166 0 9 4 A
1.486204 0 8 4 A
1.526254 0 8 3 A
1.560354 0 8 4 A
1.606548 0 9 4 A
1.649078 0 8 4 A
1.682767 0 7 4 A
1.713425 0 7 5 A
1.750679 0 8 5 A
1.797649 0 8 4 A
1.814115 0 8 5 A
1.858709 0 9 5 A
1.876127 0 0 5 A
1.900022 0 9 5 A
1.947203 0 0 5 A
1.960441 0 0 4 A
1.986550 0 0 3 A
2.014574 0 9 3 A
2.045475 0 9 2 A
2.087166 0 9 1 A
2.109015 0 8 1 A
2.152483 0 9 1 A
2.177898 0 9 0 A
2.197133 0 9 1 A
2.244034 0 8 1 A
2.279411 0 8 0 A
2.290447 0 7 0 A
2.320537 0 7 9 A
2.350385 0 6 9 A
2.368998 0 5 9 A
2.409578 0 4 9 A
2.444638 0 3 9 A
2.485961 0 4 9 A
2.508277 0 5 9 A
2.547548 0 4 9 A
2.576612 0 5 9 A
2.610809 0 5 0 A
2.634184 0 5 9 A
2.664389 0 4 9 A
2.708405 0 5 9 A
2.747544 0 5 0 A
2.762275 0 5 1 A
2.802272 0 5 2 A
2.828868 0 6 2 A
2.859661 0 6 1 A
2.909513 0 6 2 A
2.925306 0 5 2 A
2.972027 0 4 2 A
0.036591 25 3 3 5
0.067318 25 3 2 5
0.355339 25 3 1 5
0.570581 25 3 0 5
0.754005 25 3 9 5
0.960530 25 3 8 5
1.034570 25 3 7 5
1.402369 25 3 8 5
1.476710 25 2 8 5
1.489422 25 2 9 5
1.492652 25 2 0 5
1.505894 25 2 1 5
1.663044 25 2 0 5
1.688028 25 2 9 5
1.703778 25 2 8 5
1.737295 25 2 7 5
1.769492 25 2 6 5
2.228235 25 2 5 5
2.251520 25 2 4 5
2.975247 25 10 10 5
0.001370 29 0 0 9
0.643044 29 0 1 9
0.745417 29 0 0 9
0.756179 29 9 0 9
0.774958 29 9 1 9
0.861595 29 8 1 9
0.886027 29 7 1 9
1.050899 29 6 1 9
1.167307 29 6 2 9
1.191372 29 6 3 9
1.217565 29 5 3 9
1.542438 29 5 2 9
1.566119 29 5 1 9
1.578116 29 5 0 9
1.716938 29 5 9 9
1.765070 29 5 8 9
1.814205 29 5 7 9
4.109585 29 10 10 9
0.044150 20 0 5 0
0.148251 20 0 6 0
0.170680 20 0 7 0
0.337207 20 0 8 0
0.477993 20 0 9 0
1.274518 20 0 8 0
1.322335 20 0 7 0
1.343881 20 0 8 0
1.850988 20 0 7 0
1.864170 20 9 7 0
4.318000 20 10 10 0
0.031009 26 9 0 6
0.695245 26 9 9 6
0.727548 26 9 8 6
0.744303 26 9 7 6
1.310373 26 9 6 6
1.377911 26 9 5 6
1.393578 26 9 4 6
1.442161 26 9 3 6
1.448753 26 9 2 6
1.469123 26 9 1 6
1.479841 26 9 0 6
1.525032 26 8 0 6
1.542421 26 8 9 6
1.579208 26 8 8 6
1.716923 26 8 7 6
4.773728 26 10 10 6
0.002453 21 0 2 1
0.372477 21 0 1 1
0.397107 21 9 1 1
0.706477 21 9 2 1
0.880059 21 8 2 1
0.907894 21 7 2 1
1.231582 21 7 1 1
1.290904 21 7 0 1
1.509062 21 7 9 1
1.598934 21 7 8 1
1.690461 21 7 9 1
2.320532 21 7 8 1
4.804003 21 10 10 1
