-1  25  10  10
 0.016820823  23  2  7 8
 0.317254586  23  10  10 8
 0.007297372  12  2  0 M
 0.356966582  12  2  0 m
 0.004537515  0  0  0 A
 0.053115816  0  1  0 A
 0.377597650  0  1  0 a
 0.005062036  2  5  2 C
 0.057021763  2  5  3 C
 0.383873514  2  5  3 c
 0.006759032  9  4  3 J
 0.047155859  9  4  4 J
 0.064981747  9  5  4 J
 0.401289643  9  5  4 j
 0.005293802  3  5  5 D
 0.064364706  3  6  5 D
 0.407354068  3  6  5 d
 0.004834987  1  7  4 B
 0.042259367  1  7  3 B
 0.067684351  1  6  3 B
 0.085513798  1  6  4 B
 0.415685224  1  6  4 b
 0.005516347  4  8  4 E
 0.042369271  4  7  4 E
 0.081086135  4  7  3 E
 0.105472650  4  6  3 E
 0.122806958  4  6  2 E
 0.142730990  4  6  1 E
 0.471217828  4  6  1 e
 0.006565958  8  4  1 I
 0.046119510  8  5  1 I
 0.072916183  8  5  0 I
 0.152827984  8  6  0 I
 0.471470022  8  6  0 i
 0.005765648  5  5  1 F
 0.046092152  5  6  1 F
 0.095619527  5  6  0 F
 0.152740811  5  7  0 F
 0.475270606  5  7  0 f
 0.007421190  13  7  3 N
 0.039054865  13  6  3 N
 0.049207688  13  6  2 N
 0.071407626  13  7  2 N
 0.101830298  13  7  1 N
 0.117194643  13  7  0 N
 0.152673540  13  7  1 N
 0.491417686  13  7  1 n
 0.006021343  6  1  0 G
 0.041545554  6  1  1 G
 0.079346126  6  1  2 G
 0.104965436  6  2  2 G
 0.154805416  6  2  1 G
 0.499946810  6  2  1 g
 0.006906496  10  7  5 K
 0.040882563  10  6  5 K
 0.064274201  10  7  5 K
 0.088208687  10  7  6 K
 0.104519016  10  7  5 K
 0.129892656  10  7  4 K
 0.168312620  10  7  3 K
 0.186740049  10  7  4 K
 0.503761870  10  7  4 k
 0.007642620  14  8  8 O
 0.044492525  14  8  7 O
 0.077695178  14  8  8 O
 0.122464027  14  8  9 O
 0.157040002  14  8  8 O
 0.195149954  14  8  9 O
 0.224098703  14  9  9 O
 0.272845130  14  0  9 O
 0.302204904  14  9  9 O
 0.323381673  14  9  0 O
 0.343743117  14  8  0 O
 0.366866310  14  8  1 O
 0.686794364  14  8  1 o
 0.007042212  11  0  9 L
 0.054447668  11  0  0 L
 0.089166925  11  0  1 L
 0.131736103  11  0  0 L
 0.166927971  11  0  1 L
 0.189530757  11  1  1 L
 0.213905368  11  1  2 L
 0.256884778  11  1  3 L
 0.284356526  11  1  2 L
 0.307387410  11  2  2 L
 0.329097324  11  3  2 L
 0.355549433  11  4  2 L
 0.376183050  11  4  3 L
 0.389558569  11  4  4 L
 0.724220677  11  4  4 l
 0.011259013  16  3  8 1
 0.812456019  16  10  10 1
 0.006280186  7  0  6 H
 0.050806448  7  0  5 H
 0.078122339  7  9  5 H
 0.115238403  7  9  4 H
 0.141783193  7  0  4 H
 0.154730018  7  0  3 H
 0.181180488  7  0  2 H
 0.226797219  7  0  1 H
 0.262422081  7  0  2 H
 0.285343637  7  0  1 H
 0.307392746  7  0  0 H
 0.323318139  7  0  9 H
 0.341617423  7  0  0 H
 0.364781058  7  9  0 H
 0.407997789  7  9  9 H
 0.434790555  7  9  0 H
 0.467903818  7  9  1 H
 0.483499729  7  9  0 H
 0.506260277  7  0  0 H
 0.821669992  7  0  0 h
 0.051389496  15  9  4 0
 0.115205962  15  9  3 0
 1.216403836  15  10  10 0
 0.026605347  21  8  3 6
 2.429171716  21  10  10 6
 0.034864750  24  5  4 9
 0.064915044  24  5  5 9
 3.469527911  24  10  10 9
 0.046469027  22  3  4 7
 4.551860433  22  10  10 7
 0.024253255  17  2  2 2
 0.104876093  17  2  1 2
 0.154791064  17  1  1 2
 0.189432288  17  1  2 2
 0.213880543  17  1  3 2
 0.256862219  17  1  4 2
 4.561825192  17  10  10 2
 0.034170213  20  4  0 5
 4.739943109  20  10  10 5
 0.053775549  18  7  9 3
 4.859396314  18  10  10 3
 0.056980488  19  2  4 4
 5.062718796  19  10  10 4
