10000 882076 667940 524029 16
10000 881479 666741 523484 16
10000 884741 669706 526353 16
10000 881998 669177 524671 16
10000 883934 669063 525858 16
10000 877825 663545 521445 15
10000 880767 666296 522793 16
10000 885548 670929 525894 16
10000 885211 670454 526003 16
10000 882033 670188 525466 16
10000 883542 668399 524174 15
10000 876243 663201 521746 16
10000 881237 667529 524999 16
10000 882350 668659 525885 15
10000 874139 662827 519807 15
10000 884256 669141 523790 16
10000 881430 667225 522829 15
10000 884578 668596 524877 16
10000 888027 673351 528186 16
10000 886018 671428 526286 16
20000 1896835 1434777 1115419 17
20000 1891025 1435737 1114506 17
20000 1898424 1439125 1118997 17
20000 1893668 1431546 1112676 17
20000 1894434 1436005 1115473 17
20000 1891980 1433884 1114626 17
20000 1897354 1441258 1119834 17
20000 1891092 1433470 1114017 17
20000 1894596 1437307 1116264 17
20000 1895512 1436392 1115986 17
20000 1893807 1436237 1117263 17
20000 1893703 1434568 1115577 17
20000 1885268 1429995 1112867 17
20000 1896088 1436279 1115243 17
20000 1900416 1440841 1118233 17
20000 1897210 1439415 1117969 17
20000 1892788 1433528 1114467 17
20000 1892126 1433744 1114265 17
20000 1886419 1430132 1112618 17
20000 1894645 1437086 1118231 17
30000 2956055 2240734 1733380 18
30000 2954374 2241505 1735611 17
30000 2960650 2243222 1736453 18
30000 2960261 2245259 1733898 17
30000 2953672 2242464 1731971 18
30000 2955233 2240128 1731067 17
30000 2945246 2233086 1726650 18
30000 2948550 2236422 1728926 18
30000 2952366 2237791 1729638 17
30000 2955835 2240696 1733681 18
30000 2959320 2240996 1731616 18
30000 2948670 2237276 1730104 17
30000 2951275 2238770 1731501 17
30000 2959909 2245540 1733688 18
30000 2953061 2239283 1732372 18
30000 2956830 2242185 1731505 17
30000 2955898 2242623 1736012 18
30000 2954797 2240833 1730990 17
30000 2953945 2240813 1732175 17
30000 2950332 2239191 1732112 18
40000 4048045 3070385 2366646 18
40000 4069923 3085472 2375921 19
40000 4054117 3075339 2368742 18
40000 4042897 3065466 2363024 18
40000 4061415 3074893 2366547 18
40000 4041854 3063011 2358716 18
40000 4045766 3068466 2366860 18
40000 4048083 3067031 2364343 18
40000 4036551 3063658 2359461 18
40000 4053295 3072787 2365723 18
40000 4039533 3069696 2363238 18
40000 4050514 3077194 2368461 18
40000 4050832 3074435 2368304 18
40000 4058517 3081659 2371284 18
40000 4052645 3067482 2363802 18
40000 4055095 3077386 2367931 18
40000 4044809 3067583 2363101 18
40000 4045240 3065017 2362113 18
40000 4043729 3068266 2366442 18
40000 4066016 3081144 2372377 18
50000 5158016 3919611 3011813 19
50000 5161643 3915670 3009365 19
50000 5158608 3912637 3005414 18
50000 5170185 3923077 3016079 18
50000 5170587 3921988 3014384 19
50000 5209352 3957915 3036018 19
50000 5175207 3924163 3015290 18
50000 5182029 3934891 3022018 19
50000 5156565 3912148 3010249 18
50000 5167299 3917982 3012162 19
50000 5164410 3917804 3010578 18
50000 5154632 3907556 3006753 18
50000 5166132 3917197 3010781 19
50000 5170321 3925831 3012454 18
50000 5166532 3919276 3009979 18
50000 5184754 3930993 3021364 19
50000 5158095 3910331 3008906 18
50000 5173379 3923020 3013252 19
50000 5161928 3915967 3009291 18
50000 5168904 3920134 3012808 18
60000 6300114 4781173 3666784 19
60000 6300274 4786194 3670152 19
60000 6298605 4779025 3668406 19
60000 6306447 4785081 3670850 19
60000 6303560 4789045 3672828 19
60000 6309961 4788736 3676085 19
60000 6284219 4774553 3660733 19
60000 6299200 4782814 3668381 19
60000 6278671 4761949 3654092 19
60000 6291129 4774803 3658533 19
60000 6290527 4774033 3662449 18
60000 6302200 4781432 3665707 19
60000 6285253 4766970 3656506 19
60000 6341081 4805205 3681300 20
60000 6293749 4783098 3668052 19
60000 6315780 4790999 3671437 19
60000 6311181 4790297 3673045 19
60000 6328126 4792884 3672742 19
60000 6288916 4778995 3668584 19
60000 6309117 4786775 3671302 19
70000 7481250 5681614 4341320 20
70000 7456279 5658953 4333647 19
70000 7447457 5650102 4323969 19
70000 7462557 5665591 4335236 19
70000 7461033 5661734 4337199 19
70000 7444709 5645913 4322871 19
70000 7479285 5676633 4341429 19
70000 7470473 5666912 4335892 19
70000 7456849 5653193 4324751 19
70000 7467211 5671382 4337117 19
70000 7470114 5665935 4334449 19
70000 7467955 5666319 4334500 19
70000 7483539 5678750 4345355 19
70000 7472706 5674511 4340533 19
70000 7444974 5656526 4331276 19
70000 7482513 5678244 4343868 19
70000 7509209 5702890 4356839 20
70000 7455990 5653963 4327762 19
70000 7474256 5667836 4335288 19
70000 7455943 5659899 4333363 19
80000 8615609 6546927 5001375 19
80000 8627459 6554519 5007064 19
80000 8651609 6568652 5018177 20
80000 8599358 6540341 4998814 20
80000 8648220 6564429 5012362 20
80000 8624968 6545717 5002245 19
80000 8596176 6524500 4989793 19
80000 8639007 6546516 5005310 19
80000 8606281 6545719 5000653 19
80000 8612093 6538929 4998395 19
80000 8645604 6563838 5017914 19
80000 8647907 6558024 5011943 19
80000 8622031 6548881 5003396 19
80000 8594288 6519131 4987832 19
80000 8670763 6571624 5019156 19
80000 8587319 6524651 4988603 19
80000 8623872 6545020 5002092 19
80000 8600529 6532960 4996187 20
80000 8608374 6533683 4998015 19
80000 8592855 6526819 4993747 19
90000 9811162 7439999 5680201 20
90000 9810033 7442548 5680567 20
90000 9783054 7428247 5672215 19
90000 9843199 7465688 5695153 20
90000 9827242 7456238 5688353 20
90000 9811129 7446347 5686478 20
90000 9798704 7436324 5677351 20
90000 9794608 7439446 5681912 20
90000 9796519 7438685 5680529 20
90000 9798752 7445459 5680470 20
90000 9773449 7414914 5663552 19
90000 9815261 7459145 5689371 19
90000 9845807 7466672 5695786 20
90000 9853896 7484012 5708760 20
90000 9786013 7430920 5671652 19
90000 9838380 7455980 5687694 20
90000 9811660 7440357 5675979 20
90000 9783253 7429890 5673494 20
90000 9786766 7436378 5676004 20
90000 9781568 7427350 5672587 19
100000 11008647 8360718 6370700 20
100000 10972955 8332529 6355740 20
100000 10986002 8338780 6359188 20
100000 10998104 8336991 6358099 20
100000 10981924 8342512 6358317 20
100000 11030449 8367352 6374832 20
100000 10964032 8325054 6348470 19
100000 11003437 8335449 6354464 20
100000 10959222 8321146 6347191 19
100000 10977347 8337902 6357700 20
100000 10967648 8335347 6357940 20
100000 10982992 8341885 6361720 20
100000 10968086 8336859 6358712 20
100000 11020430 8364701 6375410 20
100000 10974569 8333810 6352520 19
100000 10964326 8315818 6345440 20
100000 10968225 8330544 6354417 20
100000 10978080 8331290 6349103 20
100000 10960777 8317980 6347476 19
100000 10967438 8330412 6353645 20
