10000 1275915 799006 774138 15
10000 1286345 806407 780606 15
10000 1280690 802787 776777 13
10000 1279666 802360 775793 14
10000 1279797 801691 776486 14
10000 1283790 805512 778725 16
10000 1277066 799825 774368 14
10000 1278381 800766 775748 14
10000 1279060 801727 776696 13
10000 1277478 800339 775619 15
10000 1279362 802140 776032 15
10000 1276148 798952 774753 14
10000 1283933 805782 778723 15
10000 1273458 797499 772887 14
10000 1282418 804086 777782 13
10000 1282117 804116 777837 14
10000 1278076 801132 775325 14
10000 1278224 800814 775343 14
10000 1276696 799886 774286 15
10000 1278871 801642 776116 15
20000 2756066 1720985 1659796 15
20000 2756834 1722196 1658773 16
20000 2755474 1720533 1657730 16
20000 2756827 1722292 1658538 15
20000 2759365 1724795 1659100 16
20000 2758224 1722570 1660454 16
20000 2752584 1719038 1655016 16
20000 2753497 1718932 1658006 16
20000 2757156 1721833 1660540 16
20000 2757676 1722410 1659560 15
20000 2753753 1719290 1656145 16
20000 2754985 1720186 1656860 16
20000 2756314 1722014 1658089 17
20000 2762436 1726541 1661461 14
20000 2761920 1725718 1660763 16
20000 2752794 1718776 1656260 15
20000 2758641 1722436 1660402 15
20000 2748849 1714991 1653976 16
20000 2759676 1724023 1660571 18
20000 2758233 1722358 1658890 15
30000 4316426 2693760 2582918 17
30000 4312863 2689627 2582638 18
30000 4319719 2695277 2586727 16
30000 4310679 2688378 2579543 16
30000 4315917 2692548 2584431 17
30000 4314951 2692424 2582881 16
30000 4313016 2691146 2581453 17
30000 4310567 2689024 2581074 16
30000 4309598 2687307 2578686 16
30000 4318456 2694929 2585684 17
30000 4312673 2690632 2581762 16
30000 4323244 2700671 2586065 17
30000 4325810 2700236 2587943 17
30000 4319004 2695305 2584996 17
30000 4316493 2695174 2582944 19
30000 4309472 2687354 2577989 16
30000 4321238 2697437 2587182 17
30000 4323266 2698873 2587337 16
30000 4316616 2692922 2585014 15
30000 4315061 2692055 2582575 18
40000 5913089 3682744 3531163 16
40000 5906826 3678671 3526292 17
40000 5919326 3687084 3533448 17
40000 5916003 3682912 3534750 16
40000 5913476 3683263 3530186 18
40000 5913021 3682700 3531064 18
40000 5905089 3675065 3526084 16
40000 5905768 3675931 3527442 17
40000 5930452 3699275 3539497 18
40000 5911095 3679343 3531174 16
40000 5909872 3680356 3530343 17
40000 5897721 3670417 3521785 16
40000 5900865 3673016 3524059 16
40000 5908481 3678152 3529159 17
40000 5894406 3667312 3521598 16
40000 5904034 3674746 3527060 16
40000 5904893 3675859 3527692 17
40000 5914196 3682057 3532817 17
40000 5904562 3675940 3525864 17
40000 5911527 3680817 3529720 17
50000 7567396 4710578 4506125 17
50000 7564804 4708288 4505779 18
50000 7572458 4713492 4508522 17
50000 7566591 4710159 4507201 16
50000 7559418 4703473 4504534 17
50000 7560777 4705790 4504595 17
50000 7566302 4710383 4505351 20
50000 7565940 4709297 4505668 17
50000 7563464 4707209 4506656 17
50000 7587858 4728515 4516776 20
50000 7565527 4709619 4506536 17
50000 7572715 4715150 4510801 19
50000 7562476 4706695 4502830 17
50000 7563395 4706803 4503995 17
50000 7566457 4709088 4508069 17
50000 7557327 4702949 4500491 18
50000 7561434 4706709 4503022 17
50000 7565905 4708506 4505404 17
50000 7559616 4704730 4501797 17
50000 7565303 4706913 4505813 19
60000 9224603 5738437 5483235 17
60000 9232007 5745721 5485302 19
60000 9228198 5741117 5485729 17
60000 9221349 5737018 5480807 17
60000 9229522 5745524 5484169 21
60000 9230159 5743456 5486265 18
60000 9239872 5750085 5492544 18
60000 9221556 5735323 5480722 16
60000 9213617 5730791 5478874 19
60000 9217002 5733040 5478748 18
60000 9223906 5737442 5485109 17
60000 9217848 5733389 5482873 18
60000 9222830 5737142 5484096 19
60000 9224148 5738060 5484476 17
60000 9223662 5740428 5483399 21
60000 9221033 5735259 5482907 17
60000 9239511 5750450 5492219 18
60000 9225859 5740204 5486463 18
60000 9225495 5738952 5486401 17
60000 9220971 5736211 5481035 19
70000 10940526 6811762 6488400 17
70000 10948341 6817825 6495044 18
70000 10956176 6822765 6497569 20
70000 10933047 6805457 6485127 17
70000 10931665 6804848 6483706 21
70000 10899351 6772758 6472267 17
70000 10946283 6815393 6494130 17
70000 10951552 6819325 6493312 17
70000 10929227 6800389 6483401 19
70000 10912862 6782087 6482526 16
70000 10937534 6806181 6492702 17
70000 10895984 6768456 6470789 19
70000 10957005 6823721 6498542 17
70000 10937478 6808103 6485354 19
70000 10916641 6785431 6483066 18
70000 10912645 6782252 6478598 17
70000 10918553 6786848 6482943 19
70000 10921339 6787960 6484509 17
70000 10929621 6799390 6487204 17
70000 10917572 6787246 6483355 18
80000 12602250 7824240 7478043 19
80000 12610590 7830494 7485893 17
80000 12609865 7828969 7483056 18
80000 12604332 7826611 7477101 20
80000 12629564 7846445 7492327 17
80000 12606288 7827525 7479050 17
80000 12617723 7836419 7486048 17
80000 12606001 7827693 7477135 18
80000 12612295 7831439 7482790 18
80000 12613253 7833146 7483849 19
80000 12609665 7829690 7483618 18
80000 12603474 7824665 7480476 17
80000 12597191 7820376 7475211 19
80000 12609142 7830790 7482466 17
80000 12648358 7865888 7497495 20
80000 12591851 7814265 7473851 18
80000 12606290 7825643 7484116 19
80000 12604204 7825077 7479427 19
80000 12605887 7827755 7480253 18
80000 12615186 7834459 7484908 18
90000 14349693 8909371 8504023 18
90000 14368631 8926216 8512062 18
90000 14357176 8913750 8505354 18
90000 14356079 8912443 8507691 21
90000 14366065 8923394 8511474 18
90000 14338668 8899048 8500101 17
90000 14358461 8915011 8509503 21
90000 14357039 8913021 8506382 19
90000 14345788 8904288 8501595 18
90000 14360258 8914154 8510183 18
90000 14354979 8912531 8507538 20
90000 14363272 8919974 8511237 17
90000 14349618 8906973 8504783 19
90000 14347842 8905761 8502761 17
90000 14362351 8918001 8512627 19
90000 14355194 8912818 8506216 19
90000 14359935 8916412 8509827 19
90000 14349860 8907401 8507293 19
90000 14377054 8931921 8516710 18
90000 14358035 8913948 8508850 19
100000 16117409 10004689 9541597 20
100000 16109412 9997236 9538652 18
100000 16122702 10008734 9544100 20
100000 16125750 10011150 9544721 21
100000 16106947 9998312 9534193 19
100000 16120586 10005342 9544718 18
100000 16115062 10003262 9536721 18
100000 16112574 10001788 9540902 19
100000 16132177 10017740 9547249 20
100000 16134558 10017320 9550053 19
100000 16120569 10005809 9542246 18
100000 16111455 10000436 9536245 19
100000 16109013 9997470 9535761 17
100000 16124239 10008919 9544208 18
100000 16133702 10016229 9548062 19
100000 16111260 9999670 9534426 19
100000 16109726 9997887 9536271 18
100000 16111920 10001147 9539769 19
100000 16121373 10007743 9540846 19
100000 16124835 10010282 9545036 17
