119567 0 0 0 A
45787674 0 0 1 A
73187901 0 0 2 A
85410643 0 0 3 A
85410941 0 0 0 A
101418495 0 0 1 A
139611922 0 0 2 A
155891030 0 0 3 A
155891725 0 0 0 A
179261314 0 0 1 A
179261724 0 0 2 A
215151551 0 0 3 A
215151758 0 0 0 A
235366985 0 0 1 A
237724013 0 0 2 A
260874991 0 0 3 A
260875618 0 0 0 A
308513074 0 0 1 A
350743352 0 0 2 A
396425775 0 0 3 A
396425979 0 0 0 A
408585883 0 0 1 A
434762208 0 0 2 A
454101037 0 0 3 A
454101328 0 0 0 A
485932193 0 0 1 A
511208512 0 0 2 A
533466878 0 0 3 A
533467215 0 0 0 A
559242220 0 0 1 A
590936365 0 0 2 A
634615123 0 0 3 A
634615391 0 0 0 A
656201609 0 0 1 A
676739680 0 0 2 A
703630265 0 0 3 A
703630835 0 0 0 A
738152992 0 0 1 A
747936952 0 0 2 A
781336134 0 0 3 A
781336272 0 0 0 A
828851158 0 0 1 A
828851535 0 0 2 A
863608618 0 0 3 A
863608884 0 0 0 A
901994033 0 0 1 A
901994252 0 0 2 A
929261393 0 0 3 A
929261562 0 0 0 A
971629024 0 0 1 A
971629418 0 0 2 A
989844353 0 0 3 A
989844498 0 0 0 A
1025494450 0 0 1 A
1028897370 0 0 2 A
1072206171 0 0 3 A
1072206322 0 0 0 A
1099680020 0 0 1 A
1120403787 0 0 2 A
1155953106 0 0 3 A
1155953496 0 0 0 A
1185403181 0 0 1 A
1201873081 0 0 2 A
1228447011 0 0 3 A
1228447258 0 0 0 A
1241682381 0 0 1 A
1262525780 0 0 2 A
1298807008 0 0 3 A
1298866343 0 0 0 A
1338966320 0 0 1 A
1374268134 0 0 2 A
1399470254 0 0 3 A
1399470582 0 0 0 A
1422366615 0 0 1 A
1436727824 0 0 2 A
1457256751 0 0 3 A
1457257026 0 0 0 A
1471668710 0 0 1 A
1482654614 0 0 2 A
1515625784 0 0 3 A
1515626108 0 0 0 A
1535866363 0 0 1 A
1558852162 0 0 2 A
1592370753 0 0 3 A
1592371051 0 0 0 A
1616849922 0 0 1 A
1639836655 0 0 2 A
1675048516 0 0 3 A
1675048834 0 0 0 A
1707627461 0 0 1 A
1713246087 0 0 2 A
1734544878 0 0 3 A
1734545206 0 0 0 A
1779724310 0 0 1 A
1796112811 0 0 2 A
1814369557 0 0 3 A
1814369873 0 0 0 A
1848367478 0 0 1 A
1848367798 0 0 2 A
1889580662 0 0 3 A
1889581032 0 0 0 A
1913075682 0 0 1 A
1920812693 0 0 2 A
1961205245 0 0 3 A
1961205597 0 0 0 A
1977054547 0 0 1 A
2011058117 0 0 2 A
2047463365 0 0 3 A
2047463728 0 0 0 A
2090174719 0 0 1 A
2090175106 0 0 2 A
2119987647 0 0 3 A
2119987909 0 0 0 A
2148215314 0 0 1 A
2168887884 0 0 2 A
2197228996 0 0 3 A
2197229266 0 0 0 A
2218158827 0 0 1 A
2245575731 0 0 2 A
2261781678 0 0 3 A
2261781990 0 0 0 A
2277167917 0 0 1 A
2277168293 0 0 2 A
2325016840 0 0 3 A
2325017081 0 0 0 A
2360360815 0 0 1 A
2375618151 0 0 2 A
2412521558 0 0 3 A
2412521846 0 0 0 A
2446763482 0 0 1 A
2454486083 0 0 2 A
2465800450 0 0 3 A
2465800755 0 0 0 A
2496743770 0 0 1 A
2513488551 0 0 2 A
2532787615 0 0 3 A
2532788110 0 0 0 A
2569627252 0 0 1 A
2599406307 0 0 2 A
2615645085 0 0 3 A
2615645388 0 0 0 A
2637934220 0 0 1 A
2637934642 0 0 2 A
2658497843 0 0 3 A
2658498118 0 0 0 A
2670794207 0 0 1 A
2677500065 0 0 2 A
2721561576 0 0 3 A
2721562050 0 0 0 A
2751178209 0 0 1 A
2751178540 0 0 2 A
2800239872 0 0 3 A
2800240072 0 0 0 A
2813830318 0 0 1 A
2850022926 0 0 2 A
2899705236 0 0 3 A
2899705575 0 0 0 A
2939365646 0 0 1 A
2950679014 0 0 2 A
2972047517 0 0 3 A
2972047894 0 0 0 A
3003725963 0 0 1 A
3007079739 0 0 2 A
3039416765 0 0 3 A
3039417121 0 0 0 A
3050672755 0 0 1 A
3099828426 0 0 2 A
3143683103 0 0 3 A
3143683382 0 0 0 A
3190269381 0 0 1 A
3190269829 0 0 2 A
3239366469 0 0 3 A
3239366844 0 0 0 A
3280862938 0 0 1 A
3280863277 0 0 2 A
3319652624 0 0 3 A
3319652975 0 0 0 A
3356208447 0 0 1 A
3356208811 0 0 2 A
3400062139 0 0 3 A
3400062468 0 0 0 A
3417326188 0 0 1 A
3422872077 0 0 2 A
3465886967 0 0 3 A
3465887397 0 0 0 A
3490209831 0 0 1 A
3491598635 0 0 2 A
3534336343 0 0 3 A
3534336667 0 0 0 A
3578047429 0 0 1 A
3578047811 0 0 2 A
3616657762 0 0 3 A
3616658102 0 0 0 A
3652137175 0 0 1 A
3664065409 0 0 2 A
3688242716 0 0 3 A
3688243061 0 0 0 A
3729862640 0 0 1 A
3757573252 0 0 2 A
3796866919 0 0 3 A
3796867285 0 0 0 A
3825594080 0 0 1 A
3848594559 0 0 2 A
3874879510 0 0 3 A
3874879919 0 0 0 A
3911723414 0 0 1 A
3924146567 0 0 2 A
3949523021 0 0 3 A
3949523382 0 0 0 A
3999178121 0 0 1 A
4001416336 0 0 2 A
4051960116 0 0 3 A
4051960373 0 0 0 A
4100760472 0 0 1 A
4100760941 0 0 2 A
4118762436 0 0 3 A
4118762898 0 0 0 A
4162298098 0 0 1 A
4162298520 0 0 2 A
4199191670 0 0 3 A
4199191915 0 0 0 A
4214504725 0 0 1 A
4217803134 0 0 2 A
4229029019 0 0 3 A
4229029357 0 0 0 A
4241749758 0 0 1 A
4258555697 0 0 2 A
4306129198 0 0 3 A
4306129554 0 0 0 A
4322599814 0 0 1 A
4339110069 0 0 2 A
4369669077 0 0 3 A
4369669405 0 0 0 A
4383961687 0 0 1 A
4404669641 0 0 2 A
4454240480 0 0 3 A
4454241140 0 0 0 A
4469525736 0 0 1 A
4479529114 0 0 2 A
4492797229 0 0 3 A
4492797541 0 0 0 A
4537127664 0 0 1 A
4544667569 0 0 2 A
4591870446 0 0 3 A
4591870705 0 0 0 A
4607212577 0 0 1 A
4621639975 0 0 2 A
4650940381 0 0 3 A
4650940719 0 0 0 A
4694622010 0 0 1 A
4694622624 0 0 2 A
4739842724 0 0 3 A
4739843009 0 0 0 A
4784121296 0 0 1 A
4793432718 0 0 2 A
4820720822 0 0 3 A
4820721131 0 0 0 A
4847713659 0 0 1 A
4851196500 0 0 2 A
4895615142 0 0 3 A
4895615473 0 0 0 A
4921353489 0 0 1 A
4946456857 0 0 2 A
4970737430 0 0 3 A
4970737783 0 0 0 A
5017502317 0 0 1 A
5017502659 0 0 2 A
5066462261 0 0 3 A
5066462491 0 0 0 A
5110219587 0 0 1 A
5110220185 0 0 2 A
5133386581 0 0 3 A
5133386817 0 0 0 A
5147667611 0 0 1 A
5147668046 0 0 2 A
5184260164 0 0 3 A
5184260329 0 0 0 A
5221603993 0 0 1 A
5230587016 0 0 2 A
5250861546 0 0 3 A
5250861906 0 0 0 A
5291468492 0 0 1 A
5292539477 0 0 2 A
5339209993 0 0 3 A
5339210294 0 0 0 A
63427 1 1 0 B
43397786 1 1 1 B
43430407 1 1 2 B
73187222 1 1 3 B
73187437 1 1 0 B
90929295 1 1 1 B
90929628 1 1 2 B
138496191 1 1 3 B
138496481 1 1 0 B
187734262 1 1 1 B
215152176 1 1 2 B
236686350 1 1 3 B
236686523 1 1 0 B
266042323 1 1 1 B
266042585 1 1 2 B
291191194 1 1 3 B
291191369 1 1 0 B
304346580 1 1 1 B
304346900 1 1 2 B
350742068 1 1 3 B
350742375 1 1 0 B
363930758 1 1 1 B
397407652 1 1 2 B
434756394 1 1 3 B
434756668 1 1 0 B
473488470 1 1 1 B
473488779 1 1 2 B
510041474 1 1 3 B
510041721 1 1 0 B
549687303 1 1 1 B
549687717 1 1 2 B
590835821 1 1 3 B
590836100 1 1 0 B
628153505 1 1 1 B
635701546 1 1 2 B
675670116 1 1 3 B
675670392 1 1 0 B
697210291 1 1 1 B
704703082 1 1 2 B
747860954 1 1 3 B
747861085 1 1 0 B
766162647 1 1 1 B
782407261 1 1 2 B
806624825 1 1 3 B
806625410 1 1 0 B
845197955 1 1 1 B
863683424 1 1 2 B
874836291 1 1 3 B
874836437 1 1 0 B
905352070 1 1 1 B
929263952 1 1 2 B
970464954 1 1 3 B
970465097 1 1 0 B
1002130694 1 1 1 B
1002130970 1 1 2 B
1028816311 1 1 3 B
1028816565 1 1 0 B
1070076658 1 1 1 B
1073285204 1 1 2 B
1120350132 1 1 3 B
1120350273 1 1 0 B
1149521001 1 1 1 B
1157041604 1 1 2 B
1201770619 1 1 3 B
1201770935 1 1 0 B
1224950446 1 1 1 B
1228543964 1 1 2 B
1261552682 1 1 3 B
1261577254 1 1 0 B
1304249077 1 1 1 B
1304249405 1 1 2 B
1315539607 1 1 3 B
1315539916 1 1 0 B
1337762980 1 1 1 B
1337763389 1 1 2 B
1374267407 1 1 3 B
1374267576 1 1 0 B
1408866081 1 1 1 B
1408866427 1 1 2 B
1436639525 1 1 3 B
1436639808 1 1 0 B
1457129029 1 1 1 B
1458199309 1 1 2 B
1482651538 1 1 3 B
1482651815 1 1 0 B
1509947432 1 1 1 B
1515649398 1 1 2 B
1558755079 1 1 3 B
1558755355 1 1 0 B
1590037510 1 1 1 B
1593444952 1 1 2 B
1638767529 1 1 3 B
1638767719 1 1 0 B
1681264397 1 1 1 B
1681264751 1 1 2 B
1712140407 1 1 3 B
1712140689 1 1 0 B
1735627785 1 1 1 B
1735628085 1 1 2 B
1753915422 1 1 3 B
1753915690 1 1 0 B
1765249206 1 1 1 B
1765249600 1 1 2 B
1796112048 1 1 3 B
1796112249 1 1 0 B
1833781241 1 1 1 B
1833781574 1 1 2 B
1846191694 1 1 3 B
1846191891 1 1 0 B
1890659015 1 1 1 B
1890659399 1 1 2 B
1919719242 1 1 3 B
1919719448 1 1 0 B
1968497987 1 1 1 B
1968498551 1 1 2 B
2009864308 1 1 3 B
2009864503 1 1 0 B
2036492680 1 1 1 B
2048534932 1 1 2 B
2083767539 1 1 3 B
2083767845 1 1 0 B
2095719966 1 1 1 B
2119991796 1 1 2 B
2167814344 1 1 3 B
2167814527 1 1 0 B
2211532250 1 1 1 B
2211532649 1 1 2 B
2244504161 1 1 3 B
2244504432 1 1 0 B
2291719208 1 1 1 B
2325017730 1 1 2 B
2374637270 1 1 3 B
2374637452 1 1 0 B
2395865098 1 1 1 B
2412539893 1 1 2 B
2453409344 1 1 3 B
2453409620 1 1 0 B
2472209103 1 1 1 B
2472209447 1 1 2 B
2513386390 1 1 3 B
2513386646 1 1 0 B
2556216163 1 1 1 B
2556216553 1 1 2 B
2598330949 1 1 3 B
2598331120 1 1 0 B
2638163699 1 1 1 B
2658498866 1 1 2 B
2676529152 1 1 3 B
2676529383 1 1 0 B
2691751795 1 1 1 B
2721585254 1 1 2 B
2733835384 1 1 3 B
2733835631 1 1 0 B
2771586746 1 1 1 B
2801332289 1 1 2 B
2848826240 1 1 3 B
2848826802 1 1 0 B
2897558807 1 1 1 B
2899709068 1 1 2 B
2914890199 1 1 3 B
2914890413 1 1 0 B
2938213799 1 1 1 B
2938214176 1 1 2 B
2950678295 1 1 3 B
2950678505 1 1 0 B
2979388427 1 1 1 B
2979388830 1 1 2 B
3005880477 1 1 3 B
3005880687 1 1 0 B
3050666741 1 1 1 B
3050667161 1 1 2 B
3098757001 1 1 3 B
3098757471 1 1 0 B
3137204134 1 1 1 B
3144754027 1 1 2 B
3171963197 1 1 3 B
3171963541 1 1 0 B
3212632286 1 1 1 B
3240442799 1 1 2 B
3278721399 1 1 3 B
3278721740 1 1 0 B
3313148383 1 1 1 B
3320731790 1 1 2 B
3343902592 1 1 3 B
3343902944 1 1 0 B
3356213692 1 1 1 B
3400103801 1 1 2 B
3422783565 1 1 3 B
3422783753 1 1 0 B
3444967136 1 1 1 B
3465909619 1 1 2 B
3491492227 1 1 3 B
3491492439 1 1 0 B
3527698411 1 1 1 B
3535416334 1 1 2 B
3562701979 1 1 3 B
3562702351 1 1 0 B
3588369978 1 1 1 B
3617728319 1 1 2 B
3662879559 1 1 3 B
3662879816 1 1 0 B
3709523191 1 1 1 B
3709523664 1 1 2 B
3757548655 1 1 3 B
3757549481 1 1 0 B
3805081873 1 1 1 B
3805082206 1 1 2 B
3847523769 1 1 3 B
3847523967 1 1 0 B
3897210632 1 1 1 B
3897211022 1 1 2 B
3924032832 1 1 3 B
3924033133 1 1 0 B
3970807287 1 1 1 B
3970807640 1 1 2 B
4000299118 1 1 3 B
4000299472 1 1 0 B
4012758420 1 1 1 B
4053172427 1 1 2 B
4093473022 1 1 3 B
4093473374 1 1 0 B
4111025685 1 1 1 B
4118778849 1 1 2 B
4134005360 1 1 3 B
4134005786 1 1 0 B
4173821390 1 1 1 B
4199296704 1 1 2 B
4217774610 1 1 3 B
4217774946 1 1 0 B
4238337009 1 1 1 B
4238337384 1 1 2 B
4258453816 1 1 3 B
4258454007 1 1 0 B
4277738867 1 1 1 B
4307244652 1 1 2 B
4339056388 1 1 3 B
4339056667 1 1 0 B
4355342265 1 1 1 B
4369771852 1 1 2 B
4403595438 1 1 3 B
4403595774 1 1 0 B
4432126134 1 1 1 B
4454246328 1 1 2 B
4479505434 1 1 3 B
4479505879 1 1 0 B
4492686988 1 1 1 B
4493762580 1 1 2 B
4543628211 1 1 3 B
4543628424 1 1 0 B
4582072335 1 1 1 B
4591890531 1 1 2 B
4621530898 1 1 3 B
4621531262 1 1 0 B
4652024867 1 1 1 B
4652025198 1 1 2 B
4679316778 1 1 3 B
4679317072 1 1 0 B
4719112522 1 1 1 B
4739946368 1 1 2 B
4752328895 1 1 3 B
4752329197 1 1 0 B
4763578217 1 1 1 B
4763578610 1 1 2 B
4793432336 1 1 3 B
4793432452 1 1 0 B
4835218431 1 1 1 B
4835218743 1 1 2 B
4851066016 1 1 3 B
4851066353 1 1 0 B
4899826683 1 1 1 B
4899827042 1 1 2 B
4945484035 1 1 3 B
4945484377 1 1 0 B
4976953696 1 1 1 B
4976954048 1 1 2 B
5004255362 1 1 3 B
5004255687 1 1 0 B
5040071826 1 1 1 B
5067532627 1 1 2 B
5104807864 1 1 3 B
5104808165 1 1 0 B
5148936706 1 1 1 B
5184260724 1 1 2 B
5229597748 1 1 3 B
5229598007 1 1 0 B
5262164093 1 1 1 B
5262164495 1 1 2 B
5291561262 1 1 3 B
5291561548 1 1 0 B
5305161752 1 1 1 B
5339303671 1 1 2 B
5377594363 1 1 3 B
5377594673 1 1 0 B
5399875518 1 1 1 B
5399875928 1 1 2 B
5441212327 1 1 3 B
5441212631 1 1 0 B
5461414922 1 1 1 B
5461415290 1 1 2 B
5475693234 1 1 3 B
5475693548 1 1 0 B
5499902297 1 1 1 B
5499902702 1 1 2 B
5537241236 1 1 3 B
5537241535 1 1 0 B
5566526580 1 1 1 B
5566526918 1 1 2 B
5601817889 1 1 3 B
5601818217 1 1 0 B
5637206666 1 1 1 B
5637207057 1 1 2 B
5682449431 1 1 3 B
5682449732 1 1 0 B
5711692016 1 1 1 B
5711692398 1 1 2 B
5748035944 1 1 3 B
5748036242 1 1 0 B
-1 2 2 4 Local_Section;Entry_Protocol;Critical_Section;Exit_Protocol;EXTRA_LABEL;
