10000 1286551 512725 796709 29
10000 1313639 520687 802160 28
10000 1325312 526496 813340 32
10000 1265744 504993 786325 33
10000 1259827 503945 788137 27
10000 1286121 512617 796565 28
10000 1291761 513953 796527 30
10000 1273120 507819 790614 30
10000 1369862 541168 827732 30
10000 1327993 526725 811593 32
10000 1257072 502937 786736 29
10000 1450521 566419 847307 31
10000 1294628 514486 795865 27
10000 1295535 515414 799431 34
10000 1245949 498634 781140 34
10000 1249746 499239 779577 29
10000 1416328 555746 839115 31
10000 1314595 521324 803131 28
10000 1359219 536424 818780 29
10000 1313569 521658 805466 33
20000 2752372 1098047 1699957 36
20000 2665889 1070464 1677491 34
20000 2686075 1076695 1681443 32
20000 2717268 1085571 1687061 37
20000 2877076 1139424 1741664 32
20000 2775556 1104096 1702155 34
20000 2698829 1078361 1675926 33
20000 2679390 1073624 1675894 33
20000 2801971 1113206 1712208 33
20000 2807156 1116460 1719915 42
20000 2792360 1108974 1705214 32
20000 2870540 1136666 1737392 33
20000 2741583 1092439 1689820 33
20000 2721529 1088008 1691858 32
20000 2982778 1173626 1772561 31
20000 2867419 1134579 1731278 42
20000 2770274 1099638 1690391 33
20000 2881672 1137987 1730964 33
20000 2847973 1128103 1725888 32
20000 2752603 1096953 1696830 32
30000 4211340 1684178 2613808 33
30000 4206118 1679685 2601206 38
30000 4374485 1732889 2645934 30
30000 4150943 1662246 2588163 35
30000 4303344 1711199 2629708 39
30000 4339212 1727167 2659221 38
30000 4330504 1725299 2659213 39
30000 4312387 1715077 2635732 38
30000 4193595 1678493 2608485 34
30000 4245122 1697580 2632926 39
30000 4317558 1720050 2650998 35
30000 4331814 1719537 2634639 33
30000 4175718 1673056 2605487 34
30000 4244164 1693633 2619514 39
30000 4150304 1662311 2587878 36
30000 4481329 1771232 2690740 37
30000 4275606 1702471 2623895 32
30000 4341638 1726439 2652943 38
30000 4180101 1674382 2605811 35
30000 4283278 1706698 2632670 38
40000 5770035 2304035 3559687 36
40000 5762786 2304516 3569595 36
40000 5715333 2287648 3550963 34
40000 5765027 2304862 3568246 35
40000 6226750 2457077 3716657 36
40000 5830392 2325270 3585267 37
40000 5713856 2287577 3550907 39
40000 5700617 2283919 3549963 39
40000 5782092 2310442 3574515 35
40000 5844459 2328528 3584318 38
40000 6059545 2399786 3654300 38
40000 6113999 2421195 3685104 42
40000 5854824 2334912 3600272 36
40000 5720946 2288873 3549609 38
40000 6035688 2393899 3654560 37
40000 5842549 2326027 3577139 35
40000 5752678 2299439 3559030 39
40000 5772486 2307213 3571148 35
40000 5837108 2326569 3583376 35
40000 5983485 2374201 3628327 38
50000 7429973 2963308 4563036 39
50000 7360252 2939978 4539643 36
50000 7514054 2991265 4591682 36
50000 7764073 3070543 4656490 37
50000 7468017 2980360 4591712 38
50000 7692192 3053902 4663763 36
50000 8278254 3246415 4845838 41
50000 7388121 2948898 4546772 39
50000 7772246 3079554 4684648 40
50000 7569992 3013114 4622744 37
50000 7967456 3143243 4744004 42
50000 7273703 2910114 4506632 36
50000 7221350 2898111 4510579 45
50000 7632557 3031429 4632438 36
50000 7239805 2903341 4514412 36
50000 7507814 2989841 4590766 40
50000 7369653 2944011 4547135 45
50000 7358601 2941121 4545164 35
50000 7400694 2951254 4544444 39
50000 7620531 3027938 4631747 37
60000 9097556 3628895 5583260 35
60000 9019526 3599882 5545454 46
60000 8787797 3529464 5493571 34
60000 9058315 3611068 5551382 37
60000 9236197 3676504 5636064 42
60000 8828341 3537036 5484228 38
60000 9112018 3630304 5573707 36
60000 8758219 3513479 5460071 35
60000 9008180 3598513 5551062 40
60000 9330206 3705139 5655023 41
60000 9046902 3611824 5563992 38
60000 9007888 3598612 5550933 37
60000 8994848 3591285 5534799 37
60000 9007672 3597878 5549030 40
60000 9543012 3776664 5728930 36
60000 9445752 3742133 5684704 36
60000 9290426 3695103 5655786 38
60000 9165248 3652876 5610693 41
60000 9225421 3670027 5619863 38
60000 8963493 3583251 5534520 41
70000 10567194 4228324 6536039 36
70000 10598912 4237004 6536689 36
70000 11405029 4502741 6793423 42
70000 10630122 4249461 6557179 41
70000 10804754 4308884 6619720 37
70000 10700025 4272999 6581463 40
70000 10535912 4217543 6523623 41
70000 10675990 4261208 6558833 37
70000 10694896 4270397 6574676 42
70000 10517790 4207592 6502484 39
70000 10672259 4266000 6579313 40
70000 10692635 4263388 6549440 37
70000 10926928 4346145 6647511 39
70000 10768098 4295028 6600454 42
70000 10854232 4317571 6603856 39
70000 11440023 4516395 6815892 41
70000 10644277 4254430 6560720 38
70000 10664876 4258782 6558386 37
70000 10716970 4277033 6579958 40
70000 10486484 4194940 6483027 40
80000 12051701 4831836 7489031 39
80000 12270050 4907145 7572906 43
80000 12126193 4853420 7500321 42
80000 12918322 5118408 7769698 44
80000 12302458 4915126 7571365 40
80000 12311445 4916752 7567976 36
80000 12481228 4972480 7621241 40
80000 12018435 4819066 7470377 40
80000 12007163 4812884 7459332 40
80000 12294736 4911462 7560739 38
80000 12085417 4843539 7502148 37
80000 12790544 5080629 7747362 41
80000 12381867 4937576 7581279 38
80000 12028765 4820307 7465499 41
80000 12005474 4815849 7472867 40
80000 12782001 5073736 7725073 41
80000 12497717 4979786 7632582 38
80000 12451267 4966429 7626307 42
80000 12533503 4989603 7639105 37
80000 11997730 4809262 7451736 43
90000 13770075 5515001 8525065 39
90000 14829256 5865185 8867968 39
90000 14292231 5684245 8682046 43
90000 14224021 5663993 8668551 36
90000 14339451 5701968 8702654 41
90000 14171087 5650048 8667621 40
90000 14133596 5634858 8640269 40
90000 14527799 5767068 8776039 38
90000 14124961 5634965 8650529 40
90000 14425918 5734349 8746523 45
90000 14043563 5600007 8591691 41
90000 13724931 5499736 8511390 39
90000 13922244 5565684 8579945 39
90000 13705299 5492646 8502951 41
90000 13786208 5519304 8526387 41
90000 14927821 5898995 8903304 43
90000 15041601 5943454 8966895 41
90000 13928454 5571240 8589617 46
90000 14512383 5757751 8756016 38
90000 13926485 5565422 8574080 39
100000 15659542 6258061 9631090 38
100000 15730036 6281604 9655155 39
100000 15536066 6213447 9578287 37
100000 16222166 6444321 9812367 39
100000 15635211 6242990 9594927 40
100000 15341724 6152393 9529247 40
100000 15420618 6178591 9552196 42
100000 15404918 6169473 9532133 40
100000 15994949 6373015 9754810 44
100000 15867553 6324290 9687605 45
100000 15859361 6317302 9670975 39
100000 15719289 6273242 9635569 39
100000 15542500 6215769 9581031 40
100000 15634959 6247380 9613622 41
100000 15533293 6219258 9601543 42
100000 15629726 6245772 9612705 42
100000 16353893 6484817 9843943 41
100000 15524542 6210943 9578603 42
100000 15538806 6215730 9586240 38
100000 16265111 6462635 9844066 44
