10000 2424774 1062816 1603453 28
10000 2420015 1061008 1600803 28
10000 2420404 1060207 1598500 35
10000 2422194 1061802 1601507 32
10000 2420715 1060909 1601078 29
10000 2421179 1060536 1598961 32
10000 2424522 1062764 1603627 30
10000 2422268 1061602 1602575 32
10000 2420376 1060890 1601936 30
10000 2428106 1064689 1607934 38
10000 2420696 1060858 1599979 35
10000 2420322 1060627 1599424 30
10000 2418916 1060348 1600527 35
10000 2420003 1060271 1599965 29
10000 2416900 1059025 1597516 30
10000 2421003 1061621 1602640 29
10000 2423854 1062241 1603243 29
10000 2425135 1063084 1605684 31
10000 2418701 1060263 1599853 30
10000 2432397 1066284 1610193 36
20000 5286649 2321968 3503422 34
20000 5270246 2312908 3485232 37
20000 5267995 2313814 3488610 35
20000 5269895 2313821 3487140 34
20000 5273553 2316686 3494365 32
20000 5257496 2308538 3479258 36
20000 5271175 2315145 3490738 37
20000 5283282 2320172 3499628 39
20000 5268926 2312738 3485552 31
20000 5285103 2321220 3502579 34
20000 5257094 2307516 3475163 37
20000 5272244 2315384 3489750 32
20000 5279807 2318523 3497607 34
20000 5280626 2319503 3499172 30
20000 5248501 2304165 3471422 33
20000 5258836 2308343 3477388 34
20000 5277174 2316757 3493769 34
20000 5268405 2313550 3488155 31
20000 5275946 2316759 3494999 40
20000 5259711 2309178 3480129 34
30000 8296727 3646508 5496320 33
30000 8272003 3635434 5477531 34
30000 8271119 3634923 5475427 35
30000 8282737 3639503 5482102 37
30000 8282541 3640586 5488808 37
30000 8270792 3635017 5476868 34
30000 8274893 3635812 5476539 36
30000 8261353 3630102 5468663 37
30000 8270178 3634079 5474820 34
30000 8283234 3641461 5488299 36
30000 8285925 3642561 5489888 36
30000 8300064 3649346 5502060 40
30000 8280160 3639110 5482182 37
30000 8279736 3639536 5483563 38
30000 8279343 3638541 5483737 39
30000 8278793 3638480 5480109 33
30000 8275146 3636999 5479773 37
30000 8272570 3636453 5479076 35
30000 8293383 3646141 5499006 40
30000 8288276 3643141 5492005 34
40000 11393271 5010173 7546835 38
40000 11379485 5003706 7533381 38
40000 11405362 5016643 7560068 40
40000 11386222 5007817 7543996 36
40000 11388143 5007291 7541439 37
40000 11392863 5011324 7548690 38
40000 11393240 5010709 7548072 38
40000 11371446 5000491 7530938 35
40000 11346442 4987999 7504373 34
40000 11408661 5018015 7562232 37
40000 11402695 5014605 7556319 43
40000 11390029 5008958 7542668 39
40000 11391180 5010031 7547650 36
40000 11368093 4998776 7527531 38
40000 11388056 5008156 7543755 39
40000 11381858 5004210 7534674 38
40000 11391634 5009501 7543733 39
40000 11403926 5015052 7555466 37
40000 11375748 5001666 7530930 37
40000 11405206 5016437 7558562 36
50000 14568546 6408356 9647059 40
50000 14558374 6405054 9640606 35
50000 14575092 6412821 9657186 43
50000 14548523 6399611 9633471 37
50000 14567756 6408406 9647694 47
50000 14591511 6419462 9667941 39
50000 14575321 6411751 9654314 40
50000 14592237 6420639 9671190 37
50000 14533745 6391773 9617591 35
50000 14555250 6402847 9638899 37
50000 14579596 6414612 9659775 37
50000 14546254 6398191 9631757 37
50000 14603474 6425334 9679401 41
50000 14559944 6405650 9647000 40
50000 14563257 6405916 9645072 33
50000 14609411 6428101 9685503 36
50000 14562701 6406369 9642552 48
50000 14547364 6400088 9633099 37
50000 14554914 6402370 9638587 36
50000 14563173 6406304 9646745 39
60000 17835378 7850102 11821735 37
60000 17831595 7848734 11817344 36
60000 17840197 7850907 11818810 45
60000 17817432 7841145 11804870 36
60000 17790888 7828493 11781730 38
60000 17819272 7841541 11805047 39
60000 17824542 7843013 11803479 41
60000 17810224 7839222 11801384 41
60000 17826837 7845844 11812871 45
60000 17831978 7847865 11815989 40
60000 17829075 7846734 11813781 37
60000 17809973 7836349 11793812 36
60000 17850228 7855731 11828632 37
60000 17847539 7855296 11830999 42
60000 17795860 7830175 11782257 40
60000 17822212 7841149 11800980 38
60000 17825515 7845562 11809256 42
60000 17804846 7835900 11794285 41
60000 17808953 7836781 11795902 41
60000 17811102 7837516 11791532 46
70000 21093147 9283774 13967027 43
70000 21118375 9296225 13991151 40
70000 21137627 9306267 14008497 41
70000 21096045 9284991 13969162 42
70000 21149624 9311895 14017955 44
70000 21102356 9288942 13977805 39
70000 21092956 9283301 13964778 38
70000 21120837 9297073 13991975 42
70000 21126372 9298988 13996163 44
70000 21125381 9299936 14000531 38
70000 21141845 9306679 14008973 38
70000 21117985 9297233 13998325 37
70000 21088915 9283071 13968827 40
70000 21147799 9311800 14021253 38
70000 21109531 9291601 13982446 44
70000 21138195 9305616 14009294 44
70000 21133153 9302428 13997693 38
70000 21116742 9294575 13985087 46
70000 21121189 9298115 13998224 41
70000 21143805 9307355 14009839 40
80000 24486212 10780313 16225576 41
80000 24455161 10766089 16200960 44
80000 24487468 10783277 16232836 38
80000 24440604 10758474 16189404 38
80000 24463952 10771263 16209152 45
80000 24448850 10764641 16202527 40
80000 24486113 10783223 16233611 40
80000 24457644 10768061 16203911 41
80000 24450675 10764304 16196608 41
80000 24467483 10772473 16211277 41
80000 24458714 10770519 16211546 37
80000 24457475 10769207 16206560 40
80000 24463707 10771221 16209573 45
80000 24444422 10761675 16190530 40
80000 24468504 10774983 16219064 44
80000 24505229 10789501 16241314 36
80000 24489826 10783928 16234975 38
80000 24455832 10766981 16201965 41
80000 24463341 10770149 16209139 43
80000 24473364 10777284 16223305 37
90000 27849880 12264112 18456302 39
90000 27855548 12268128 18462526 43
90000 27818240 12250429 18432447 39
90000 27854170 12266504 18457008 41
90000 27831736 12257280 18440313 42
90000 27878323 12278267 18479305 39
90000 27852970 12266215 18460574 40
90000 27845560 12263445 18452805 41
90000 27854987 12268113 18464215 37
90000 27826692 12255145 18436417 39
90000 27843379 12261384 18447172 42
90000 27854229 12266517 18456069 45
90000 27850597 12264406 18450644 42
90000 27845770 12262761 18450445 38
90000 27832700 12256842 18441619 45
90000 27864801 12271344 18465794 36
90000 27828297 12255533 18439419 41
90000 27876910 12276037 18479309 48
90000 27870842 12274655 18474715 40
90000 27838625 12259821 18447055 43
100000 31250109 13764451 20711112 40
100000 31269815 13774541 20725675 47
100000 31280122 13778688 20733971 41
100000 31264567 13770726 20715672 41
100000 31300302 13787345 20745446 39
100000 31306626 13791475 20757775 41
100000 31244193 13760710 20698711 43
100000 31265803 13770196 20714765 40
100000 31261435 13767269 20712894 43
100000 31298077 13787552 20750401 41
100000 31289843 13786111 20750084 41
100000 31239929 13760605 20701862 37
100000 31245026 13761569 20702128 41
100000 31310119 13791614 20756734 49
100000 31297015 13787094 20750146 46
100000 31275598 13778027 20733162 46
100000 31301768 13789880 20754138 40
100000 31275321 13777310 20730496 41
100000 31220671 13750671 20680974 42
100000 31231417 13754669 20687795 42
