-1 15 15 15
0.000277 7 5 1 H
0.021679 7 6 1 H
0.063825 7 6 2 H
0.097947 7 6 1 H
0.108476 7 5 1 H
0.157796 7 4 1 H
0.172329 7 3 1 H
0.216703 7 2 1 H
0.240244 7 1 1 H
0.260022 7 2 1 H
0.285986 7 2 0 H
0.334798 7 1 0 H
0.378035 7 2 0 H
0.407662 7 2 1 H
0.419902 7 2 2 H
0.445461 7 2 3 H
0.460360 7 1 3 H
0.000276 6 12 5 G
0.037395 6 12 6 G
0.057345 6 12 5 G
0.107385 6 12 6 G
0.132976 6 12 5 G
0.165415 6 13 5 G
0.180958 6 14 5 G
0.199912 6 14 4 G
0.212421 6 13 4 G
0.242396 6 12 4 G
0.290367 6 11 4 G
0.339429 6 12 4 G
0.354406 6 12 3 G
0.377952 6 13 3 G
0.390161 6 14 3 G
0.423083 6 14 4 G
0.438747 6 0 4 G
0.453801 6 0 3 G
0.472420 6 14 3 G
0.513012 6 14 4 G
0.526666 6 14 5 G
0.572928 6 13 5 G
0.583879 6 13 4 G
0.605979 6 12 4 G
0.627420 6 12 3 G
0.662261 6 13 3 G
0.677160 6 13 4 G
0.720609 6 12 4 G
0.000276 14 4 10 O
0.034214 14 4 9 O
0.066932 14 5 9 O
0.116773 14 5 8 O
0.131985 14 4 8 O
0.182045 14 5 8 O
0.200009 14 5 7 O
0.217818 14 4 7 O
0.228364 14 4 6 O
0.245753 14 4 7 O
0.266376 14 4 6 O
0.314177 14 5 6 O
0.338353 14 6 6 O
0.353424 14 6 7 O
0.372599 14 5 7 O
0.401219 14 6 7 O
0.437426 14 5 7 O
0.469158 14 6 7 O
0.514328 14 5 7 O
0.533964 14 4 7 O
0.547282 14 3 7 O
0.558894 14 2 7 O
0.586039 14 2 8 O
0.612612 14 2 7 O
0.629743 14 2 8 O
0.657039 14 3 8 O
0.670763 14 4 8 O
0.715013 14 3 8 O
0.743403 14 2 8 O
0.000281 3 14 7 D
0.027938 3 14 8 D
0.051042 3 13 8 D
0.077568 3 12 8 D
0.093517 3 13 8 D
0.129778 3 14 8 D
0.891785 3 14 8 d
0.000272 5 13 5 F
0.013430 5 13 6 F
0.024797 5 14 6 F
0.056394 5 14 7 F
0.068152 5 14 8 F
0.079729 5 0 8 F
0.116767 5 1 8 F
0.131903 5 0 8 F
0.905949 5 0 8 f
0.000265 13 8 3 N
0.047824 13 9 3 N
0.058498 13 9 2 N
0.092430 13 8 2 N
0.107384 13 8 3 N
0.156501 13 8 4 N
0.192046 13 7 4 N
0.240237 13 8 4 N
0.280431 13 7 4 N
0.305568 13 7 5 N
1.085858 13 7 5 n
0.000274 11 6 7 L
0.034233 11 7 7 L
0.056302 11 7 6 L
0.084059 11 6 6 L
0.121996 11 6 5 L
0.164228 11 6 6 L
0.178761 11 6 7 L
0.196245 11 6 6 L
0.212335 11 6 5 L
0.230645 11 6 6 L
0.273956 11 7 6 L
0.306794 11 8 6 L
0.325828 11 8 5 L
1.090420 11 8 5 l
0.000304 10 1 1 K
0.045581 10 0 1 K
0.074442 10 0 0 K
0.097945 10 14 0 K
0.128717 10 0 0 K
0.167990 10 14 0 K
0.201199 10 14 1 K
0.249000 10 14 0 K
0.274040 10 0 0 K
0.305403 10 0 1 K
0.335925 10 14 1 K
0.351179 10 13 1 K
0.376861 10 13 2 K
0.394594 10 12 2 K
0.408726 10 12 3 K
0.442116 10 12 2 K
0.467904 10 11 2 K
0.508820 10 11 3 K
0.522346 10 12 3 K
0.536302 10 12 2 K
0.582888 10 12 3 K
0.606065 10 12 2 K
0.621103 10 13 2 K
0.649167 10 13 1 K
0.683668 10 12 1 K
0.705119 10 13 1 K
0.743319 10 14 1 K
0.792753 10 0 1 K
0.804844 10 0 2 K
0.838999 10 14 2 K
0.880403 10 14 1 K
0.907069 10 13 1 K
0.948561 10 14 1 K
0.994072 10 14 2 K
1.005945 10 14 3 K
1.021772 10 14 2 K
1.042099 10 14 3 K
1.063539 10 14 2 K
1.099221 10 14 3 K
1.140996 10 13 3 K
1.186783 10 13 2 K
1.218034 10 13 1 K
1.238140 10 13 2 K
1.249022 10 13 1 K
1.264696 10 14 1 K
1.307288 10 14 0 K
1.354102 10 0 0 K
1.390549 10 14 0 K
1.404413 10 0 0 K
0.000279 0 8 11 A
0.027956 0 7 11 A
0.056273 0 7 12 A
0.092446 0 7 11 A
0.104196 0 8 11 A
0.150009 0 8 10 A
0.190961 0 8 11 A
0.229583 0 8 12 A
0.246849 0 8 13 A
0.292671 0 8 12 A
0.304235 0 7 12 A
0.322550 0 8 12 A
0.340594 0 8 11 A
0.387769 0 9 11 A
0.425326 0 9 10 A
0.455049 0 9 11 A
0.503283 0 8 11 A
0.526658 0 8 10 A
0.561046 0 8 9 A
0.581699 0 8 8 A
0.608228 0 8 7 A
0.635952 0 9 7 A
0.655787 0 9 6 A
0.700931 0 8 6 A
0.713695 0 8 7 A
0.754167 0 9 7 A
0.777614 0 8 7 A
0.823548 0 8 8 A
0.845560 0 9 8 A
0.861329 0 10 8 A
0.871893 0 10 7 A
0.892955 0 10 8 A
0.937115 0 10 9 A
0.981735 0 9 9 A
1.010115 0 8 9 A
1.024097 0 9 9 A
1.044357 0 8 9 A
1.098147 0 7 9 A
1.136416 0 6 9 A
1.164972 0 5 9 A
1.195953 0 5 8 A
1.224429 0 6 8 A
1.254263 0 7 8 A
1.281986 0 7 9 A
1.310467 0 7 10 A
1.341446 0 7 9 A
1.373748 0 7 8 A
1.398967 0 8 8 A
1.423302 0 8 7 A
1.435796 0 9 7 A
1.485998 0 9 8 A
0.000283 4 8 8 E
0.051129 4 9 8 E
0.090283 4 10 8 E
0.104198 4 9 8 E
0.145817 4 8 8 E
0.193121 4 9 8 E
0.236028 4 9 9 E
0.253298 4 9 8 E
0.288028 4 9 9 E
0.305407 4 9 10 E
0.341734 4 10 10 E
0.378070 4 10 9 E
0.413066 4 11 9 E
0.438754 4 10 9 E
0.478133 4 10 10 E
0.516882 4 10 11 E
0.550405 4 10 12 E
0.588187 4 10 11 E
0.618968 4 9 11 E
0.653369 4 9 12 E
0.694116 4 10 12 E
0.721779 4 9 12 E
0.756405 4 8 12 E
0.798199 4 8 13 E
0.823463 4 9 13 E
0.842354 4 9 12 E
0.877213 4 9 11 E
0.927318 4 8 11 E
0.964135 4 9 11 E
1.011191 4 9 10 E
1.030766 4 8 10 E
1.045518 4 7 10 E
1.057162 4 7 9 E
1.098143 4 6 9 E
1.120863 4 6 10 E
1.144377 4 6 11 E
1.175592 4 6 12 E
1.219111 4 7 12 E
1.238251 4 7 11 E
1.271182 4 7 12 E
1.311739 4 7 11 E
1.348767 4 8 11 E
1.379885 4 7 11 E
1.402266 4 8 11 E
1.446117 4 7 11 E
1.493306 4 8 11 E
1.526640 4 9 11 E
1.567977 4 10 11 E
1.594910 4 11 11 E
1.613888 4 11 12 E
1.645739 4 12 12 E
1.657965 4 12 11 E
1.675646 4 13 11 E
1.694377 4 13 12 E
0.000278 2 10 6 C
0.045601 2 10 5 C
0.061638 2 10 6 C
0.082922 2 9 6 C
0.124154 2 10 6 C
0.140227 2 11 6 C
0.178751 2 10 6 C
0.206743 2 10 7 C
0.256868 2 11 7 C
0.268752 2 11 8 C
0.295866 2 11 7 C
0.332413 2 12 7 C
0.382360 2 13 7 C
0.426702 2 12 7 C
0.460265 2 12 8 C
0.488751 2 12 9 C
0.504368 2 13 9 C
0.540686 2 12 9 C
0.582789 2 11 9 C
0.618973 2 12 9 C
0.655793 2 12 8 C
0.679307 2 12 9 C
0.694128 2 11 9 C
0.733792 2 11 8 C
0.752956 2 12 8 C
0.789084 2 13 8 C
0.801378 2 13 9 C
0.827651 2 13 8 C
0.867741 2 13 7 C
0.891876 2 13 6 C
0.918733 2 13 5 C
0.964215 2 13 4 C
1.003646 2 13 5 C
1.043178 2 13 6 C
1.071981 2 13 7 C
1.095749 2 12 7 C
1.140999 2 12 6 C
1.164970 2 12 7 C
1.198255 2 11 7 C
1.241443 2 10 7 C
1.272268 2 10 6 C
1.304968 2 9 6 C
1.320207 2 9 5 C
2.086850 2 9 5 c
0.000279 1 4 7 B
0.045600 1 5 7 B
0.079801 1 5 6 B
0.093535 1 5 5 B
0.126438 1 4 5 B
0.166754 1 4 4 B
0.184264 1 4 3 B
0.230737 1 5 3 B
0.252213 1 4 3 B
0.263195 1 4 4 B
0.285881 1 3 4 B
0.304229 1 3 3 B
0.328002 1 4 3 B
0.341730 1 5 3 B
0.365894 1 6 3 B
0.406440 1 7 3 B
0.435273 1 6 3 B
0.474927 1 5 3 B
0.520204 1 5 2 B
0.567349 1 5 3 B
0.603803 1 5 4 B
0.629749 1 4 4 B
0.670769 1 4 3 B
0.698563 1 5 3 B
0.718192 1 5 2 B
0.761833 1 4 2 B
0.776406 1 4 3 B
0.804839 1 4 2 B
0.842270 1 3 2 B
0.858152 1 3 1 B
0.881489 1 2 1 B
0.896243 1 2 2 B
0.907177 1 3 2 B
0.933749 1 2 2 B
0.964206 1 3 2 B
0.978532 1 3 3 B
1.028260 1 4 3 B
1.078211 1 5 3 B
1.089172 1 5 2 B
1.126172 1 5 3 B
1.159791 1 6 3 B
1.210504 1 7 3 B
1.232898 1 8 3 B
1.277448 1 8 4 B
1.321280 1 8 3 B
1.333753 1 7 3 B
1.383297 1 7 4 B
2.166867 1 7 4 b
0.000275 9 7 5 J
0.015627 9 8 5 J
0.045569 9 9 5 J
0.091356 9 10 5 J
0.125364 9 11 5 J
0.178757 9 11 6 J
0.198654 9 11 5 J
0.213408 9 12 5 J
0.254548 9 13 5 J
0.278327 9 14 5 J
0.295860 9 14 4 J
0.331229 9 14 3 J
0.362687 9 13 3 J
0.377947 9 14 3 J
0.390156 9 14 4 J
0.423077 9 13 4 J
0.473671 9 14 4 J
0.508907 9 14 5 J
0.520298 9 0 5 J
0.570600 9 0 6 J
0.616805 9 1 6 J
0.648083 9 1 5 J
0.677275 9 1 4 J
0.727389 9 0 4 J
0.769114 9 0 5 J
0.791330 9 0 4 J
0.823364 9 1 4 J
0.863500 9 0 4 J
0.874040 9 14 4 J
0.899603 9 13 4 J
0.912385 9 14 4 J
0.933842 9 14 3 J
0.963049 9 0 3 J
0.986830 9 0 2 J
0.998398 9 0 3 J
1.039935 9 0 4 J
1.084530 9 14 4 J
1.120864 9 13 4 J
1.186788 9 13 3 J
1.213865 9 13 4 J
1.227742 9 13 3 J
1.249027 9 13 2 J
1.280732 9 14 2 J
1.326468 9 0 2 J
1.373721 9 1 2 J
2.170162 9 1 2 j
0.000271 12 11 0 M
0.029051 12 10 0 M
0.056393 12 11 0 M
0.095778 12 11 14 M
0.144632 12 12 14 M
0.183183 12 11 14 M
0.211141 12 11 13 M
0.228257 12 11 14 M
0.275148 12 11 13 M
0.298013 12 12 13 M
0.330152 12 12 12 M
0.365981 12 12 13 M
0.415376 12 12 14 M
0.443195 12 12 0 M
0.490956 12 11 0 M
0.513117 12 11 1 M
0.531864 12 11 2 M
0.546123 12 10 2 M
0.575219 12 10 1 M
0.601667 12 10 2 M
0.640258 12 10 3 M
0.673943 12 11 3 M
0.691967 12 12 3 M
0.725130 12 12 2 M
0.751697 12 11 2 M
0.797114 12 11 1 M
0.810161 12 11 0 M
0.843460 12 10 0 M
0.871897 12 9 0 M
0.919816 12 8 0 M
0.951876 12 9 0 M
0.981812 12 9 1 M
1.004737 12 8 1 M
1.029336 12 7 1 M
1.058365 12 8 1 M
1.089174 12 7 1 M
1.103655 12 7 0 M
1.136412 12 6 0 M
1.155607 12 6 1 M
1.168276 12 5 1 M
1.210586 12 6 1 M
1.222286 12 6 0 M
1.256409 12 6 14 M
1.294649 12 5 14 M
1.336105 12 5 13 M
1.364355 12 5 14 M
1.379961 12 4 14 M
1.416756 12 3 14 M
1.435766 12 2 14 M
1.447192 12 2 0 M
1.479732 12 2 14 M
1.521186 12 2 0 M
1.534038 12 2 14 M
1.584385 12 2 13 M
1.610716 12 3 13 M
1.642280 12 2 13 M
1.685026 12 3 13 M
1.719128 12 3 12 M
1.759852 12 4 12 M
1.806507 12 5 12 M
1.826746 12 5 11 M
1.862370 12 5 12 M
1.876688 12 5 11 M
1.894478 12 5 10 M
1.938144 12 5 11 M
1.966328 12 4 11 M
2.000931 12 3 11 M
2.045764 12 4 11 M
2.082667 12 4 10 M
2.096684 12 3 10 M
2.127698 12 4 10 M
2.152678 12 3 10 M
2.181459 12 3 11 M
2.220183 12 3 10 M
2.251116 12 3 11 M
2.283123 12 4 11 M
2.314847 12 4 10 M
2.347154 12 4 11 M
2.361840 12 5 11 M
2.410731 12 5 10 M
2.435689 12 6 10 M
2.478461 12 7 10 M
2.496218 12 6 10 M
0.000285 8 14 10 I
0.023741 8 13 10 I
0.069224 8 12 10 I
0.085149 8 12 11 I
0.124155 8 12 12 I
0.161025 8 11 12 I
0.185343 8 10 12 I
0.206826 8 10 11 I
0.254553 8 10 12 I
0.290372 8 9 12 I
0.322492 8 10 12 I
0.337132 8 9 12 I
0.353335 8 9 13 I
0.381270 8 8 13 I
0.399965 8 8 14 I
0.431057 8 7 14 I
0.466803 8 6 14 I
0.503276 8 6 0 I
0.544924 8 5 0 I
0.578443 8 6 0 I
0.598414 8 6 1 I
0.646820 8 5 1 I
0.677166 8 5 0 I
0.718282 8 5 14 I
0.737959 8 4 14 I
0.753064 8 5 14 I
0.802567 8 5 0 I
0.835834 8 4 0 I
0.851904 8 3 0 I
0.877300 8 2 0 I
0.926236 8 3 0 I
0.947370 8 2 0 I
0.981817 8 3 0 I
1.007023 8 2 0 I
1.020545 8 1 0 I
1.047758 8 1 14 I
1.088097 8 2 14 I
1.138708 8 1 14 I
1.167112 8 0 14 I
1.212649 8 14 14 I
1.251163 8 14 13 I
1.266995 8 14 14 I
1.290345 8 13 14 I
1.319136 8 13 0 I
1.354025 8 13 14 I
1.383153 8 13 0 I
1.418029 8 12 0 I
1.467388 8 12 1 I
1.499601 8 11 1 I
1.513832 8 12 1 I
1.542364 8 12 0 I
1.558652 8 12 1 I
1.588689 8 12 0 I
1.602301 8 12 1 I
1.643573 8 13 1 I
1.668199 8 13 2 I
1.708730 8 13 1 I
1.754465 8 13 2 I
1.768157 8 12 2 I
1.799332 8 13 2 I
1.846980 8 12 2 I
1.885987 8 11 2 I
1.912807 8 10 2 I
1.935999 8 9 2 I
1.971628 8 9 1 I
2.005319 8 8 1 I
2.049134 8 7 1 I
2.061328 8 8 1 I
2.090115 8 8 0 I
2.104130 8 8 1 I
2.135197 8 8 0 I
2.146470 8 7 0 I
2.187671 8 6 0 I
2.237688 8 5 0 I
2.273645 8 4 0 I
2.311493 8 4 1 I
2.357477 8 4 0 I
2.383260 8 4 1 I
2.415092 8 4 2 I
2.440018 8 5 2 I
2.480823 8 5 3 I
2.530681 8 5 2 I
2.570989 8 5 1 I
2.607304 8 5 0 I
2.639723 8 5 1 I
2.675954 8 4 1 I
2.721260 8 4 2 I
2.760658 8 3 2 I
2.773914 8 4 2 I
2.800188 8 5 2 I
2.837491 8 5 1 I
2.855773 8 4 1 I
2.875964 8 4 0 I
2.895272 8 3 0 I
2.932499 8 4 0 I
