-1 15 10 10
0.000289 0 1 6 A
0.049703 0 0 6 A
0.833162 0 0 6 a
0.000291 1 8 5 B
0.029789 1 9 5 B
0.079899 1 0 5 B
0.853530 1 0 5 b
0.000285 12 2 0 M
0.039207 12 2 1 M
0.081046 12 3 1 M
0.118717 12 3 2 M
0.137322 12 3 3 M
0.150157 12 3 4 M
0.925051 12 3 4 m
0.000304 11 2 5 L
0.017602 11 1 5 L
0.034902 11 2 5 L
0.052908 11 3 5 L
0.092580 11 3 4 L
0.132095 11 3 5 L
0.146882 11 2 5 L
0.166728 11 2 4 L
0.938648 11 2 4 l
0.040281 5 6 4 F
0.053963 5 7 4 F
0.080956 5 7 5 F
0.108443 5 8 5 F
0.132011 5 9 5 F
0.150260 5 9 4 F
0.172093 5 8 4 F
0.213465 5 8 3 F
0.232616 5 8 2 F
0.254447 5 8 3 F
0.303025 5 8 4 F
0.329148 5 9 4 F
0.372445 5 8 4 F
0.411988 5 8 3 F
0.448824 5 7 3 F
1.219127 5 7 3 f
0.000280 13 1 5 N
0.014452 13 0 5 N
0.045360 13 0 4 N
0.093745 13 0 3 N
0.143711 13 9 3 N
0.157523 13 9 2 N
0.188546 13 8 2 N
0.216708 13 7 2 N
0.253375 13 7 1 N
0.288207 13 8 1 N
0.310312 13 8 2 N
0.343167 13 8 3 N
0.381886 13 9 3 N
0.448830 13 8 3 N
1.239466 13 8 3 n
0.047540 9 2 9 J
0.069622 9 2 0 J
0.116592 9 3 0 J
0.136242 9 3 1 J
0.181610 9 3 0 J
0.203056 9 4 0 J
0.230395 9 3 0 J
0.264900 9 3 9 J
0.297760 9 2 9 J
0.318662 9 1 9 J
0.338817 9 0 9 J
0.372537 9 0 0 J
0.404823 9 0 1 J
0.418339 9 1 1 J
0.442596 9 1 2 J
0.470350 9 2 2 J
0.517503 9 2 3 J
1.287834 9 2 3 j
0.000286 14 2 9 O
0.047515 14 1 9 O
0.059200 14 0 9 O
0.075755 14 1 9 O
0.106282 14 2 9 O
0.156434 14 3 9 O
0.203057 14 3 0 O
0.224071 14 2 0 O
0.264900 14 3 0 O
0.312448 14 2 0 O
0.355623 14 2 1 O
0.380831 14 1 1 O
0.416183 14 2 1 O
0.432790 14 2 0 O
0.469189 14 2 1 O
0.516430 14 1 1 O
0.535100 14 1 2 O
0.581470 14 1 3 O
1.363112 14 1 3 o
0.000292 2 6 9 C
0.028711 2 6 8 C
0.050797 2 7 8 C
0.090439 2 7 9 C
0.135145 2 7 8 C
0.155363 2 6 8 C
0.181521 2 5 8 C
0.227255 2 4 8 C
0.266057 2 3 8 C
0.293555 2 2 8 C
0.337665 2 1 8 C
0.378707 2 2 8 C
0.399273 2 3 8 C
0.422812 2 3 7 C
0.470262 2 4 7 C
0.495945 2 3 7 C
0.538292 2 3 8 C
0.574611 2 3 9 C
0.619712 2 2 9 C
0.654780 2 2 8 C
0.681280 2 2 9 C
0.723155 2 1 9 C
1.515471 2 1 9 c
0.000302 7 2 6 H
0.049704 7 1 6 H
0.095985 7 1 7 H
0.126888 7 2 7 H
0.155416 7 1 7 H
0.186189 7 0 7 H
0.200809 7 0 8 H
0.222922 7 9 8 H
0.270276 7 0 8 H
0.284998 7 9 8 H
0.305171 7 9 9 H
0.348293 7 9 0 H
0.372535 7 8 0 H
0.384010 7 8 9 H
0.424067 7 8 8 H
0.477867 7 8 9 H
0.526947 7 7 9 H
0.549032 7 8 9 H
0.577943 7 9 9 H
0.608261 7 9 8 H
0.658144 7 0 8 H
0.706342 7 0 7 H
0.734927 7 0 8 H
0.749441 7 0 9 H
1.530789 7 0 9 h
0.000301 6 2 4 G
0.037059 6 2 3 G
0.082070 6 2 2 G
0.096908 6 2 3 G
0.146883 6 1 3 G
0.168836 6 1 2 G
0.181613 6 1 1 G
0.232623 6 2 1 G
0.266054 6 1 1 G
0.290336 6 0 1 G
0.323016 6 0 0 G
0.372536 6 9 0 G
0.400352 6 9 9 G
0.436225 6 8 9 G
0.477862 6 9 9 G
0.525775 6 9 0 G
0.538380 6 0 0 G
0.579084 6 0 1 G
0.594856 6 1 1 G
0.641401 6 1 2 G
0.686501 6 1 1 G
0.700140 6 0 1 G
0.757176 6 9 1 G
0.777778 6 0 1 G
0.813161 6 0 2 G
0.824384 6 0 3 G
0.861616 6 0 4 G
1.634061 6 0 4 g
0.000294 3 6 4 D
0.040280 3 6 5 D
0.082029 3 5 5 D
0.116619 3 5 4 D
0.137349 3 6 4 D
0.173251 3 5 4 D
0.206230 3 4 4 D
0.248146 3 4 3 D
0.276554 3 5 3 D
0.305168 3 4 3 D
0.341029 3 4 4 D
0.366956 3 4 3 D
0.404827 3 4 2 D
0.431537 3 4 1 D
0.482027 3 4 2 D
0.524730 3 5 2 D
0.537223 3 5 3 D
0.580244 3 4 3 D
0.591672 3 5 3 D
0.610421 3 5 2 D
0.628179 3 5 1 D
0.671957 3 4 1 D
0.721923 3 3 1 D
0.738167 3 3 2 D
0.754781 3 2 2 D
0.789381 3 3 2 D
0.828914 3 2 2 D
0.864826 3 2 1 D
0.894370 3 1 1 D
0.935429 3 1 0 D
1.699310 3 1 0 d
0.000302 8 3 0 I
0.039213 8 2 0 I
0.069618 8 1 0 I
0.099018 8 1 1 I
0.145827 8 2 1 I
0.170942 8 2 0 I
0.188481 8 2 1 I
0.232620 8 3 1 I
0.279780 8 3 2 I
0.319802 8 2 2 I
0.350503 8 1 2 I
0.369216 8 0 2 I
0.404746 8 9 2 I
0.424062 8 9 1 I
0.460654 8 8 1 I
0.493828 8 8 2 I
0.539503 8 8 1 I
0.564176 8 9 1 I
0.610419 8 8 1 I
0.623821 8 9 1 I
0.666475 8 8 1 I
0.697044 8 9 1 I
0.731865 8 9 0 I
0.754779 8 8 0 I
0.793606 8 9 0 I
0.827766 8 9 1 I
0.861620 8 8 1 I
0.884244 8 8 0 I
0.915788 8 7 0 I
0.952127 8 7 1 I
0.977301 8 7 2 I
1.760715 8 7 2 i
0.000295 4 9 1 E
0.017603 4 9 2 E
0.035995 4 0 2 E
0.049705 4 9 2 E
0.065468 4 9 3 E
0.095852 4 8 3 E
0.119778 4 8 4 E
0.139498 4 8 5 E
0.185055 4 7 5 E
0.224146 4 8 5 E
0.234817 4 8 6 E
0.271347 4 7 6 E
0.302941 4 7 5 E
0.339959 4 7 6 E
0.375583 4 8 6 E
0.401431 4 7 6 E
0.449922 4 7 5 E
0.485299 4 6 5 E
0.507092 4 5 5 E
0.540750 4 4 5 E
0.580331 4 5 5 E
0.623820 4 5 6 E
0.645633 4 5 7 E
0.666474 4 5 8 E
0.690777 4 4 8 E
0.730655 4 3 8 E
0.755954 4 4 8 E
0.803002 4 3 8 E
0.829980 4 3 9 E
0.853466 4 4 9 E
0.864896 4 4 8 E
0.882008 4 3 8 E
0.932284 4 2 8 E
0.978386 4 1 8 E
1.011937 4 0 8 E
1.812903 4 0 8 e
0.000303 10 6 1 K
0.040278 10 6 0 K
0.055044 10 5 0 K
0.084209 10 6 0 K
0.118713 10 6 9 K
0.137318 10 5 9 K
0.149099 10 4 9 K
0.183846 10 5 9 K
0.213531 10 6 9 K
0.242924 10 5 9 K
0.290337 10 5 8 K
0.335452 10 5 7 K
0.369305 10 4 7 K
0.400348 10 5 7 K
0.437308 10 5 8 K
0.457230 10 6 8 K
0.485385 10 6 9 K
0.524731 10 6 0 K
0.567408 10 7 0 K
0.600003 10 8 0 K
0.626030 10 8 9 K
0.655842 10 8 0 K
0.697046 10 8 1 K
0.731866 10 9 1 K
0.757173 10 8 1 K
0.802920 10 9 1 K
0.826614 10 8 1 K
0.852337 10 8 2 K
0.895525 10 7 2 K
0.945872 10 8 2 K
0.990530 10 9 2 K
1.010809 10 8 2 K
1.042185 10 8 1 K
1.088649 10 8 2 K
1.852170 10 8 2 k
