-1 15 5 5
0.000284 8 4 2 I
0.766489 8 4 2 i
0.000270 10 0 2 K
0.769672 10 0 2 k
0.000285 1 4 3 B
0.770867 1 4 3 b
0.000278 12 2 0 M
0.780184 12 2 0 m
0.000277 2 0 4 C
0.015408 2 0 3 C
0.781410 2 0 3 c
0.015409 6 0 4 G
0.782580 6 0 4 g
0.000276 7 4 4 H
0.796058 7 4 4 h
0.000279 13 3 2 N
0.798369 13 3 2 n
0.000283 5 1 0 F
0.799563 5 1 0 f
0.054507 0 2 4 A
0.819829 0 2 4 a
0.000272 3 0 0 D
0.044644 3 0 1 D
0.074107 3 1 1 D
0.091341 3 0 1 D
0.106964 3 0 0 D
0.876198 3 0 0 d
0.000277 4 2 4 E
0.054505 4 2 3 E
0.102790 4 2 2 E
0.119368 4 2 1 E
0.913682 4 2 1 e
0.000281 9 2 2 J
0.021850 9 2 3 J
0.054501 9 1 3 J
0.100654 9 1 2 J
0.135908 9 1 3 J
0.147162 9 1 2 J
0.186061 9 2 2 J
0.234372 9 2 3 J
0.266584 9 1 3 J
0.280873 9 2 3 J
0.325075 9 3 3 J
0.365294 9 3 4 J
1.151218 9 3 4 j
